Overlap label/order: [[1, 2], [1, 8], [2, 3], [2, 4], [3, 4], [3, 7], [4, 5], [5, 6], [6, 7], [6, 8], [7, 8]]
Cycles:  [[1, 8, 7, 6, 5, 4, 3, 2], [1, 8, 6, 5, 4, 3, 2], [1, 8, 6, 7, 3, 2], [1, 8, 7, 3, 2], [1, 8, 6, 7, 3, 4, 2], [1, 8, 7, 3, 4, 2], [1, 8, 7, 6, 5, 4, 2], [1, 8, 6, 5, 4, 2], [2, 4, 3], [2, 4, 5, 6, 7, 3], [2, 4, 5, 6, 8, 7, 3], [3, 4, 5, 6, 8, 7], [6, 8, 7], [3, 7, 6, 5, 4]]
Dimension:  11
(1) 0 0 0 0 0 0 0 0 0 0 0
(2) 0 0 0 0 0 0 0 0 0 0 1
(3) 0 0 0 0 0 0 0 0 0 1 0
(4) 0 0 0 0 0 0 0 0 1 0 0
(5) 0 0 0 0 0 0 0 0 1 1 1
(6) 0 0 0 0 0 0 0 1 0 0 0
(7) 0 0 0 0 0 0 0 1 0 0 1
(8) 0 0 0 0 0 0 0 1 0 1 0
(9) 0 0 0 0 0 0 0 1 1 0 0
(10) 0 0 0 0 0 0 0 1 1 1 1
(11) 0 0 0 0 0 0 1 0 0 0 0
(12) 0 0 0 0 0 0 1 0 0 0 1
(13) 0 0 0 0 0 0 1 0 0 1 0
(14) 0 0 0 0 0 0 1 0 1 0 0
(15) 0 0 0 0 0 0 1 0 1 1 1
(16) 0 0 0 0 0 0 1 1 0 0 0
(17) 0 0 0 0 0 0 1 1 0 0 1
(18) 0 0 0 0 0 0 1 1 0 1 0
(19) 0 0 0 0 0 0 1 1 1 0 0
(20) 0 0 0 0 0 0 1 1 1 1 1
(21) 0 0 0 0 0 1 0 0 0 0 0
(22) 0 0 0 0 0 1 0 0 0 0 1
(23) 0 0 0 0 0 1 0 0 0 1 0
(24) 0 0 0 0 0 1 0 0 1 0 0
(25) 0 0 0 0 0 1 0 0 1 1 1
(26) 0 0 0 0 0 1 0 1 0 0 0
(27) 0 0 0 0 0 1 0 1 0 0 1
(28) 0 0 0 0 0 1 0 1 0 1 0
(29) 0 0 0 0 0 1 0 1 1 0 0
(30) 0 0 0 0 0 1 0 1 1 1 1
(31) 0 0 0 0 0 1 1 0 0 0 0
(32) 0 0 0 0 0 1 1 0 0 0 1
(33) 0 0 0 0 0 1 1 0 0 1 0
(34) 0 0 0 0 0 1 1 0 1 0 0
(35) 0 0 0 0 0 1 1 0 1 1 1
(36) 0 0 0 0 0 1 1 1 0 0 0
(37) 0 0 0 0 0 1 1 1 0 0 1
(38) 0 0 0 0 0 1 1 1 0 1 0
(39) 0 0 0 0 1 0 0 0 0 0 0
(40) 0 0 0 0 1 0 0 0 0 0 1
(41) 0 0 0 0 1 0 0 0 0 1 0
(42) 0 0 0 0 1 0 0 0 1 0 0
(43) 0 0 0 0 1 0 0 0 1 1 1
(44) 0 0 0 0 1 0 0 1 0 0 0
(45) 0 0 0 0 1 0 0 1 0 0 1
(46) 0 0 0 0 1 0 0 1 0 1 0
(47) 0 0 0 0 1 0 0 1 1 0 0
(48) 0 0 0 0 1 0 0 1 1 1 1
(49) 0 0 0 0 1 0 1 0 0 0 0
(50) 0 0 0 0 1 0 1 0 0 0 1
(51) 0 0 0 0 1 0 1 0 0 1 0
(52) 0 0 0 0 1 0 1 0 1 0 0
(53) 0 0 0 0 1 0 1 0 1 1 1
(54) 0 0 0 0 1 0 1 1 0 0 0
(55) 0 0 0 0 1 0 1 1 0 0 1
(56) 0 0 0 0 1 0 1 1 0 1 0
(57) 0 0 0 0 1 1 0 0 0 0 0
(58) 0 0 0 0 1 1 0 0 0 0 1
(59) 0 0 0 0 1 1 0 0 0 1 0
(60) 0 0 0 0 1 1 0 0 1 0 0
(61) 0 0 0 0 1 1 0 0 1 1 1
(62) 0 0 0 0 1 1 0 1 0 0 0
(63) 0 0 0 0 1 1 0 1 0 0 1
(64) 0 0 0 0 1 1 0 1 0 1 0
(65) 0 0 0 0 1 1 1 0 0 0 0
(66) 0 0 0 0 1 1 1 0 0 0 1
(67) 0 0 0 0 1 1 1 0 0 1 0
(68) 0 0 0 0 1 1 1 1 1 0 0
(69) 0 0 0 0 1 1 1 1 1 1 1
(70) 0 0 0 1 0 0 0 0 0 0 0
(71) 0 0 0 1 0 0 0 0 0 0 1
(72) 0 0 0 1 0 0 0 0 0 1 0
(73) 0 0 0 1 0 0 0 0 1 0 0
(74) 0 0 0 1 0 0 0 0 1 1 1
(75) 0 0 0 1 0 0 0 1 0 0 0
(76) 0 0 0 1 0 0 0 1 0 0 1
(77) 0 0 0 1 0 0 0 1 0 1 0
(78) 0 0 0 1 0 0 0 1 1 0 0
(79) 0 0 0 1 0 0 0 1 1 1 1
(80) 0 0 0 1 0 0 1 0 0 0 0
(81) 0 0 0 1 0 0 1 0 0 0 1
(82) 0 0 0 1 0 0 1 0 0 1 0
(83) 0 0 0 1 0 0 1 0 1 0 0
(84) 0 0 0 1 0 0 1 0 1 1 1
(85) 0 0 0 1 0 0 1 1 0 0 0
(86) 0 0 0 1 0 0 1 1 0 0 1
(87) 0 0 0 1 0 0 1 1 0 1 0
(88) 0 0 0 1 0 0 1 1 1 0 0
(89) 0 0 0 1 0 0 1 1 1 1 1
(90) 0 0 0 1 0 1 0 0 0 0 0
(91) 0 0 0 1 0 1 0 0 0 0 1
(92) 0 0 0 1 0 1 0 0 0 1 0
(93) 0 0 0 1 0 1 0 0 1 0 0
(94) 0 0 0 1 0 1 0 0 1 1 1
(95) 0 0 0 1 0 1 0 1 0 0 0
(96) 0 0 0 1 0 1 0 1 0 0 1
(97) 0 0 0 1 0 1 0 1 0 1 0
(98) 0 0 0 1 0 1 0 1 1 0 0
(99) 0 0 0 1 0 1 0 1 1 1 1
(100) 0 0 0 1 0 1 1 0 0 0 0
(101) 0 0 0 1 0 1 1 0 0 0 1
(102) 0 0 0 1 0 1 1 0 0 1 0
(103) 0 0 0 1 0 1 1 0 1 0 0
(104) 0 0 0 1 0 1 1 0 1 1 1
(105) 0 0 0 1 0 1 1 1 0 0 0
(106) 0 0 0 1 0 1 1 1 0 0 1
(107) 0 0 0 1 0 1 1 1 0 1 0
(108) 0 0 1 0 0 0 0 0 0 0 0
(109) 0 0 1 0 0 0 0 0 0 0 1
(110) 0 0 1 0 0 0 0 0 0 1 0
(111) 0 0 1 0 0 0 0 0 1 0 0
(112) 0 0 1 0 0 0 0 0 1 1 1
(113) 0 0 1 0 0 0 0 1 0 0 0
(114) 0 0 1 0 0 0 0 1 0 0 1
(115) 0 0 1 0 0 0 0 1 0 1 0
(116) 0 0 1 0 0 0 0 1 1 0 0
(117) 0 0 1 0 0 0 0 1 1 1 1
(118) 0 0 1 0 0 0 1 0 0 0 0
(119) 0 0 1 0 0 0 1 0 0 0 1
(120) 0 0 1 0 0 0 1 0 0 1 0
(121) 0 0 1 0 0 0 1 0 1 0 0
(122) 0 0 1 0 0 0 1 0 1 1 1
(123) 0 0 1 0 0 0 1 1 0 0 0
(124) 0 0 1 0 0 0 1 1 0 0 1
(125) 0 0 1 0 0 0 1 1 0 1 0
(126) 0 0 1 0 0 0 1 1 1 0 0
(127) 0 0 1 0 0 0 1 1 1 1 1
(128) 0 0 1 0 0 1 0 0 0 0 0
(129) 0 0 1 0 0 1 0 0 0 0 1
(130) 0 0 1 0 0 1 0 0 0 1 0
(131) 0 0 1 0 0 1 0 0 1 0 0
(132) 0 0 1 0 0 1 0 0 1 1 1
(133) 0 0 1 0 0 1 0 1 0 0 0
(134) 0 0 1 0 0 1 0 1 0 0 1
(135) 0 0 1 0 0 1 0 1 0 1 0
(136) 0 0 1 0 0 1 0 1 1 0 0
(137) 0 0 1 0 0 1 0 1 1 1 1
(138) 0 0 1 0 0 1 1 0 0 0 0
(139) 0 0 1 0 0 1 1 0 0 0 1
(140) 0 0 1 0 0 1 1 0 0 1 0
(141) 0 0 1 0 0 1 1 0 1 0 0
(142) 0 0 1 0 0 1 1 0 1 1 1
(143) 0 0 1 0 0 1 1 1 0 0 0
(144) 0 0 1 0 0 1 1 1 0 0 1
(145) 0 0 1 0 0 1 1 1 0 1 0
(146) 0 0 1 1 1 0 0 0 0 0 0
(147) 0 0 1 1 1 0 0 0 0 0 1
(148) 0 0 1 1 1 0 0 0 0 1 0
(149) 0 0 1 1 1 0 0 0 1 0 0
(150) 0 0 1 1 1 0 0 0 1 1 1
(151) 0 0 1 1 1 0 0 1 0 0 0
(152) 0 0 1 1 1 0 0 1 0 0 1
(153) 0 0 1 1 1 0 0 1 0 1 0
(154) 0 0 1 1 1 0 0 1 1 0 0
(155) 0 0 1 1 1 0 0 1 1 1 1
(156) 0 0 1 1 1 0 1 0 0 0 0
(157) 0 0 1 1 1 0 1 0 0 0 1
(158) 0 0 1 1 1 0 1 0 0 1 0
(159) 0 0 1 1 1 0 1 0 1 0 0
(160) 0 0 1 1 1 0 1 0 1 1 1
(161) 0 0 1 1 1 0 1 1 0 0 0
(162) 0 0 1 1 1 0 1 1 0 0 1
(163) 0 0 1 1 1 0 1 1 0 1 0
(164) 0 0 1 1 1 1 0 0 0 0 0
(165) 0 0 1 1 1 1 0 0 0 0 1
(166) 0 0 1 1 1 1 0 0 0 1 0
(167) 0 0 1 1 1 1 0 0 1 0 0
(168) 0 0 1 1 1 1 0 0 1 1 1
(169) 0 0 1 1 1 1 0 1 0 0 0
(170) 0 0 1 1 1 1 0 1 0 0 1
(171) 0 0 1 1 1 1 0 1 0 1 0
(172) 0 0 1 1 1 1 1 0 0 0 0
(173) 0 0 1 1 1 1 1 0 0 0 1
(174) 0 0 1 1 1 1 1 0 0 1 0
(175) 0 0 1 1 1 1 1 1 1 0 0
(176) 0 0 1 1 1 1 1 1 1 1 1
(177) 0 1 0 0 0 0 0 0 0 0 0
(178) 0 1 0 0 0 0 0 0 0 0 1
(179) 0 1 0 0 0 0 0 0 0 1 0
(180) 0 1 0 0 0 0 0 0 1 0 0
(181) 0 1 0 0 0 0 0 0 1 1 1
(182) 0 1 0 0 0 0 0 1 0 0 0
(183) 0 1 0 0 0 0 0 1 0 0 1
(184) 0 1 0 0 0 0 0 1 0 1 0
(185) 0 1 0 0 0 0 0 1 1 0 0
(186) 0 1 0 0 0 0 0 1 1 1 1
(187) 0 1 0 0 0 0 1 0 0 0 0
(188) 0 1 0 0 0 0 1 0 0 0 1
(189) 0 1 0 0 0 0 1 0 0 1 0
(190) 0 1 0 0 0 0 1 0 1 0 0
(191) 0 1 0 0 0 0 1 0 1 1 1
(192) 0 1 0 0 0 0 1 1 0 0 0
(193) 0 1 0 0 0 0 1 1 0 0 1
(194) 0 1 0 0 0 0 1 1 0 1 0
(195) 0 1 0 0 0 0 1 1 1 0 0
(196) 0 1 0 0 0 0 1 1 1 1 1
(197) 0 1 0 0 0 1 0 0 0 0 0
(198) 0 1 0 0 0 1 0 0 0 0 1
(199) 0 1 0 0 0 1 0 0 0 1 0
(200) 0 1 0 0 0 1 0 0 1 0 0
(201) 0 1 0 0 0 1 0 0 1 1 1
(202) 0 1 0 0 0 1 0 1 0 0 0
(203) 0 1 0 0 0 1 0 1 0 0 1
(204) 0 1 0 0 0 1 0 1 0 1 0
(205) 0 1 0 0 0 1 0 1 1 0 0
(206) 0 1 0 0 0 1 0 1 1 1 1
(207) 0 1 0 0 0 1 1 0 0 0 0
(208) 0 1 0 0 0 1 1 0 0 0 1
(209) 0 1 0 0 0 1 1 0 0 1 0
(210) 0 1 0 0 0 1 1 0 1 0 0
(211) 0 1 0 0 0 1 1 0 1 1 1
(212) 0 1 0 0 0 1 1 1 0 0 0
(213) 0 1 0 0 0 1 1 1 0 0 1
(214) 0 1 0 0 0 1 1 1 0 1 0
(215) 0 1 0 0 1 0 0 0 0 0 0
(216) 0 1 0 0 1 0 0 0 0 0 1
(217) 0 1 0 0 1 0 0 0 0 1 0
(218) 0 1 0 0 1 0 0 0 1 0 0
(219) 0 1 0 0 1 0 0 0 1 1 1
(220) 0 1 0 0 1 0 0 1 0 0 0
(221) 0 1 0 0 1 0 0 1 0 0 1
(222) 0 1 0 0 1 0 0 1 0 1 0
(223) 0 1 0 0 1 0 0 1 1 0 0
(224) 0 1 0 0 1 0 0 1 1 1 1
(225) 0 1 0 0 1 0 1 0 0 0 0
(226) 0 1 0 0 1 0 1 0 0 0 1
(227) 0 1 0 0 1 0 1 0 0 1 0
(228) 0 1 0 0 1 0 1 0 1 0 0
(229) 0 1 0 0 1 0 1 0 1 1 1
(230) 0 1 0 0 1 0 1 1 0 0 0
(231) 0 1 0 0 1 0 1 1 0 0 1
(232) 0 1 0 0 1 0 1 1 0 1 0
(233) 0 1 0 0 1 1 0 0 0 0 0
(234) 0 1 0 0 1 1 0 0 0 0 1
(235) 0 1 0 0 1 1 0 0 0 1 0
(236) 0 1 0 0 1 1 0 0 1 0 0
(237) 0 1 0 0 1 1 0 0 1 1 1
(238) 0 1 0 0 1 1 0 1 0 0 0
(239) 0 1 0 0 1 1 0 1 0 0 1
(240) 0 1 0 0 1 1 0 1 0 1 0
(241) 0 1 0 0 1 1 1 0 0 0 0
(242) 0 1 0 0 1 1 1 0 0 0 1
(243) 0 1 0 0 1 1 1 0 0 1 0
(244) 0 1 0 0 1 1 1 1 1 0 0
(245) 0 1 0 0 1 1 1 1 1 1 1
(246) 0 1 0 1 0 0 0 0 0 0 0
(247) 0 1 0 1 0 0 0 0 0 0 1
(248) 0 1 0 1 0 0 0 0 0 1 0
(249) 0 1 0 1 0 0 0 0 1 0 0
(250) 0 1 0 1 0 0 0 0 1 1 1
(251) 0 1 0 1 0 0 0 1 0 0 0
(252) 0 1 0 1 0 0 0 1 0 0 1
(253) 0 1 0 1 0 0 0 1 0 1 0
(254) 0 1 0 1 0 0 0 1 1 0 0
(255) 0 1 0 1 0 0 0 1 1 1 1
(256) 0 1 0 1 0 0 1 0 0 0 0
(257) 0 1 0 1 0 0 1 0 0 0 1
(258) 0 1 0 1 0 0 1 0 0 1 0
(259) 0 1 0 1 0 0 1 0 1 0 0
(260) 0 1 0 1 0 0 1 0 1 1 1
(261) 0 1 0 1 0 0 1 1 0 0 0
(262) 0 1 0 1 0 0 1 1 0 0 1
(263) 0 1 0 1 0 0 1 1 1 0 0
(264) 0 1 0 1 0 1 0 0 0 0 0
(265) 0 1 0 1 0 1 0 0 0 0 1
(266) 0 1 0 1 0 1 0 0 0 1 0
(267) 0 1 0 1 0 1 0 0 1 0 0
(268) 0 1 0 1 0 1 0 0 1 1 1
(269) 0 1 0 1 0 1 0 1 0 0 0
(270) 0 1 0 1 0 1 0 1 0 0 1
(271) 0 1 0 1 0 1 0 1 0 1 0
(272) 0 1 0 1 0 1 0 1 1 0 0
(273) 0 1 0 1 0 1 0 1 1 1 1
(274) 0 1 0 1 0 1 1 0 0 0 0
(275) 0 1 0 1 0 1 1 0 0 0 1
(276) 0 1 0 1 0 1 1 0 0 1 0
(277) 0 1 0 1 0 1 1 0 1 0 0
(278) 0 1 0 1 0 1 1 0 1 1 1
(279) 0 1 0 1 0 1 1 1 0 0 0
(280) 0 1 0 1 0 1 1 1 0 0 1
(281) 0 1 1 0 0 0 0 0 0 0 0
(282) 0 1 1 0 0 0 0 0 0 0 1
(283) 0 1 1 0 0 0 0 0 0 1 0
(284) 0 1 1 0 0 0 0 0 1 0 0
(285) 0 1 1 0 0 0 0 0 1 1 1
(286) 0 1 1 0 0 0 0 1 0 0 0
(287) 0 1 1 0 0 0 0 1 0 0 1
(288) 0 1 1 0 0 0 0 1 0 1 0
(289) 0 1 1 0 0 0 0 1 1 0 0
(290) 0 1 1 0 0 0 0 1 1 1 1
(291) 0 1 1 0 0 0 1 0 0 0 0
(292) 0 1 1 0 0 0 1 0 0 0 1
(293) 0 1 1 0 0 0 1 0 0 1 0
(294) 0 1 1 0 0 0 1 0 1 0 0
(295) 0 1 1 0 0 0 1 0 1 1 1
(296) 0 1 1 0 0 0 1 1 0 0 0
(297) 0 1 1 0 0 0 1 1 0 0 1
(298) 0 1 1 0 0 0 1 1 0 1 0
(299) 0 1 1 0 0 0 1 1 1 0 0
(300) 0 1 1 0 0 0 1 1 1 1 1
(301) 0 1 1 0 0 1 0 0 0 0 0
(302) 0 1 1 0 0 1 0 0 0 1 0
(303) 0 1 1 0 0 1 0 0 1 0 0
(304) 0 1 1 0 0 1 0 1 0 0 0
(305) 0 1 1 0 0 1 0 1 0 1 0
(306) 0 1 1 0 0 1 0 1 1 0 0
(307) 0 1 1 0 0 1 1 0 0 0 0
(308) 0 1 1 0 0 1 1 0 0 1 0
(309) 0 1 1 0 0 1 1 0 1 0 0
(310) 0 1 1 0 0 1 1 1 0 0 0
(311) 0 1 1 0 0 1 1 1 0 1 0
(312) 0 1 1 1 1 0 0 0 0 0 0
(313) 0 1 1 1 1 0 0 0 0 0 1
(314) 0 1 1 1 1 0 0 0 0 1 0
(315) 0 1 1 1 1 0 0 0 1 0 0
(316) 0 1 1 1 1 0 0 0 1 1 1
(317) 0 1 1 1 1 0 0 1 0 0 0
(318) 0 1 1 1 1 0 0 1 0 0 1
(319) 0 1 1 1 1 0 0 1 0 1 0
(320) 0 1 1 1 1 0 0 1 1 0 0
(321) 0 1 1 1 1 0 0 1 1 1 1
(322) 0 1 1 1 1 0 1 0 0 0 0
(323) 0 1 1 1 1 0 1 0 0 0 1
(324) 0 1 1 1 1 0 1 0 0 1 0
(325) 0 1 1 1 1 0 1 0 1 0 0
(326) 0 1 1 1 1 0 1 0 1 1 1
(327) 0 1 1 1 1 0 1 1 0 0 0
(328) 0 1 1 1 1 0 1 1 0 0 1
(329) 0 1 1 1 1 1 0 0 0 0 0
(330) 0 1 1 1 1 1 0 0 0 1 0
(331) 0 1 1 1 1 1 0 0 1 0 0
(332) 0 1 1 1 1 1 0 1 0 0 0
(333) 0 1 1 1 1 1 0 1 0 1 0
(334) 0 1 1 1 1 1 1 0 0 0 0
(335) 0 1 1 1 1 1 1 0 0 1 0
(336) 0 1 1 1 1 1 1 1 1 0 0
(337) 1 0 0 0 0 0 0 0 0 0 0
(338) 1 0 0 0 0 0 0 0 0 0 1
(339) 1 0 0 0 0 0 0 0 0 1 0
(340) 1 0 0 0 0 0 0 0 1 0 0
(341) 1 0 0 0 0 0 0 0 1 1 1
(342) 1 0 0 0 0 0 0 1 0 0 0
(343) 1 0 0 0 0 0 0 1 0 0 1
(344) 1 0 0 0 0 0 0 1 0 1 0
(345) 1 0 0 0 0 0 0 1 1 0 0
(346) 1 0 0 0 0 0 0 1 1 1 1
(347) 1 0 0 0 0 0 1 0 0 0 0
(348) 1 0 0 0 0 0 1 0 0 0 1
(349) 1 0 0 0 0 0 1 0 0 1 0
(350) 1 0 0 0 0 0 1 0 1 0 0
(351) 1 0 0 0 0 0 1 0 1 1 1
(352) 1 0 0 0 0 0 1 1 0 0 0
(353) 1 0 0 0 0 0 1 1 0 0 1
(354) 1 0 0 0 0 0 1 1 0 1 0
(355) 1 0 0 0 0 0 1 1 1 0 0
(356) 1 0 0 0 0 0 1 1 1 1 1
(357) 1 0 0 0 0 1 0 0 0 0 0
(358) 1 0 0 0 0 1 0 0 0 0 1
(359) 1 0 0 0 0 1 0 0 0 1 0
(360) 1 0 0 0 0 1 0 0 1 0 0
(361) 1 0 0 0 0 1 0 0 1 1 1
(362) 1 0 0 0 0 1 0 1 0 0 0
(363) 1 0 0 0 0 1 0 1 0 0 1
(364) 1 0 0 0 0 1 0 1 0 1 0
(365) 1 0 0 0 0 1 0 1 1 0 0
(366) 1 0 0 0 0 1 0 1 1 1 1
(367) 1 0 0 0 0 1 1 0 0 0 0
(368) 1 0 0 0 0 1 1 0 0 0 1
(369) 1 0 0 0 0 1 1 0 0 1 0
(370) 1 0 0 0 0 1 1 0 1 0 0
(371) 1 0 0 0 0 1 1 0 1 1 1
(372) 1 0 0 0 0 1 1 1 0 0 0
(373) 1 0 0 0 0 1 1 1 0 0 1
(374) 1 0 0 0 0 1 1 1 0 1 0
(375) 1 0 0 0 1 0 0 0 0 0 0
(376) 1 0 0 0 1 0 0 0 0 0 1
(377) 1 0 0 0 1 0 0 0 0 1 0
(378) 1 0 0 0 1 0 0 0 1 0 0
(379) 1 0 0 0 1 0 0 0 1 1 1
(380) 1 0 0 0 1 0 0 1 0 0 0
(381) 1 0 0 0 1 0 0 1 0 0 1
(382) 1 0 0 0 1 0 0 1 0 1 0
(383) 1 0 0 0 1 0 0 1 1 0 0
(384) 1 0 0 0 1 0 0 1 1 1 1
(385) 1 0 0 0 1 0 1 0 0 0 0
(386) 1 0 0 0 1 0 1 0 0 0 1
(387) 1 0 0 0 1 0 1 0 0 1 0
(388) 1 0 0 0 1 0 1 0 1 0 0
(389) 1 0 0 0 1 0 1 0 1 1 1
(390) 1 0 0 0 1 0 1 1 0 0 0
(391) 1 0 0 0 1 0 1 1 0 0 1
(392) 1 0 0 0 1 0 1 1 0 1 0
(393) 1 0 0 0 1 1 0 0 0 0 0
(394) 1 0 0 0 1 1 0 0 0 0 1
(395) 1 0 0 0 1 1 0 0 0 1 0
(396) 1 0 0 0 1 1 0 0 1 0 0
(397) 1 0 0 0 1 1 0 0 1 1 1
(398) 1 0 0 0 1 1 0 1 0 0 0
(399) 1 0 0 0 1 1 0 1 0 0 1
(400) 1 0 0 0 1 1 0 1 0 1 0
(401) 1 0 0 0 1 1 1 0 0 0 0
(402) 1 0 0 0 1 1 1 0 0 0 1
(403) 1 0 0 0 1 1 1 0 0 1 0
(404) 1 0 0 0 1 1 1 1 1 0 0
(405) 1 0 0 0 1 1 1 1 1 1 1
(406) 1 0 0 1 0 0 0 0 0 0 0
(407) 1 0 0 1 0 0 0 0 0 0 1
(408) 1 0 0 1 0 0 0 0 0 1 0
(409) 1 0 0 1 0 0 0 0 1 0 0
(410) 1 0 0 1 0 0 0 0 1 1 1
(411) 1 0 0 1 0 0 0 1 0 0 0
(412) 1 0 0 1 0 0 0 1 0 0 1
(413) 1 0 0 1 0 0 0 1 0 1 0
(414) 1 0 0 1 0 0 0 1 1 0 0
(415) 1 0 0 1 0 0 0 1 1 1 1
(416) 1 0 0 1 0 0 1 0 0 0 0
(417) 1 0 0 1 0 0 1 0 0 0 1
(418) 1 0 0 1 0 0 1 0 0 1 0
(419) 1 0 0 1 0 0 1 0 1 0 0
(420) 1 0 0 1 0 0 1 0 1 1 1
(421) 1 0 0 1 0 0 1 1 0 0 0
(422) 1 0 0 1 0 0 1 1 0 0 1
(423) 1 0 0 1 0 0 1 1 1 0 0
(424) 1 0 0 1 0 1 0 0 0 0 0
(425) 1 0 0 1 0 1 0 0 0 0 1
(426) 1 0 0 1 0 1 0 0 0 1 0
(427) 1 0 0 1 0 1 0 0 1 0 0
(428) 1 0 0 1 0 1 0 0 1 1 1
(429) 1 0 0 1 0 1 0 1 0 0 0
(430) 1 0 0 1 0 1 0 1 0 0 1
(431) 1 0 0 1 0 1 0 1 0 1 0
(432) 1 0 0 1 0 1 0 1 1 0 0
(433) 1 0 0 1 0 1 0 1 1 1 1
(434) 1 0 0 1 0 1 1 0 0 0 0
(435) 1 0 0 1 0 1 1 0 0 0 1
(436) 1 0 0 1 0 1 1 0 0 1 0
(437) 1 0 0 1 0 1 1 0 1 0 0
(438) 1 0 0 1 0 1 1 0 1 1 1
(439) 1 0 0 1 0 1 1 1 0 0 0
(440) 1 0 0 1 0 1 1 1 0 0 1
(441) 1 0 1 0 0 0 0 0 0 0 0
(442) 1 0 1 0 0 0 0 0 0 0 1
(443) 1 0 1 0 0 0 0 0 0 1 0
(444) 1 0 1 0 0 0 0 0 1 0 0
(445) 1 0 1 0 0 0 0 0 1 1 1
(446) 1 0 1 0 0 0 0 1 0 0 0
(447) 1 0 1 0 0 0 0 1 0 0 1
(448) 1 0 1 0 0 0 0 1 0 1 0
(449) 1 0 1 0 0 0 0 1 1 0 0
(450) 1 0 1 0 0 0 0 1 1 1 1
(451) 1 0 1 0 0 0 1 0 0 0 0
(452) 1 0 1 0 0 0 1 0 0 0 1
(453) 1 0 1 0 0 0 1 0 0 1 0
(454) 1 0 1 0 0 0 1 0 1 0 0
(455) 1 0 1 0 0 0 1 0 1 1 1
(456) 1 0 1 0 0 0 1 1 0 0 0
(457) 1 0 1 0 0 0 1 1 0 0 1
(458) 1 0 1 0 0 0 1 1 0 1 0
(459) 1 0 1 0 0 0 1 1 1 0 0
(460) 1 0 1 0 0 0 1 1 1 1 1
(461) 1 0 1 0 0 1 0 0 0 0 0
(462) 1 0 1 0 0 1 0 0 0 1 0
(463) 1 0 1 0 0 1 0 0 1 0 0
(464) 1 0 1 0 0 1 0 1 0 0 0
(465) 1 0 1 0 0 1 0 1 0 1 0
(466) 1 0 1 0 0 1 0 1 1 0 0
(467) 1 0 1 0 0 1 1 0 0 0 0
(468) 1 0 1 0 0 1 1 0 0 1 0
(469) 1 0 1 0 0 1 1 0 1 0 0
(470) 1 0 1 0 0 1 1 1 0 0 0
(471) 1 0 1 0 0 1 1 1 0 1 0
(472) 1 0 1 1 1 0 0 0 0 0 0
(473) 1 0 1 1 1 0 0 0 0 0 1
(474) 1 0 1 1 1 0 0 0 0 1 0
(475) 1 0 1 1 1 0 0 0 1 0 0
(476) 1 0 1 1 1 0 0 0 1 1 1
(477) 1 0 1 1 1 0 0 1 0 0 0
(478) 1 0 1 1 1 0 0 1 0 0 1
(479) 1 0 1 1 1 0 0 1 0 1 0
(480) 1 0 1 1 1 0 0 1 1 0 0
(481) 1 0 1 1 1 0 0 1 1 1 1
(482) 1 0 1 1 1 0 1 0 0 0 0
(483) 1 0 1 1 1 0 1 0 0 0 1
(484) 1 0 1 1 1 0 1 0 0 1 0
(485) 1 0 1 1 1 0 1 0 1 0 0
(486) 1 0 1 1 1 0 1 0 1 1 1
(487) 1 0 1 1 1 0 1 1 0 0 0
(488) 1 0 1 1 1 0 1 1 0 0 1
(489) 1 0 1 1 1 1 0 0 0 0 0
(490) 1 0 1 1 1 1 0 0 0 1 0
(491) 1 0 1 1 1 1 0 0 1 0 0
(492) 1 0 1 1 1 1 0 1 0 0 0
(493) 1 0 1 1 1 1 0 1 0 1 0
(494) 1 0 1 1 1 1 1 0 0 0 0
(495) 1 0 1 1 1 1 1 0 0 1 0
(496) 1 0 1 1 1 1 1 1 1 0 0
(497) 1 1 0 0 0 0 0 0 0 0 0
(498) 1 1 0 0 0 0 0 0 0 0 1
(499) 1 1 0 0 0 0 0 0 0 1 0
(500) 1 1 0 0 0 0 0 0 1 0 0
(501) 1 1 0 0 0 0 0 0 1 1 1
(502) 1 1 0 0 0 0 0 1 0 0 0
(503) 1 1 0 0 0 0 0 1 0 0 1
(504) 1 1 0 0 0 0 0 1 0 1 0
(505) 1 1 0 0 0 0 0 1 1 0 0
(506) 1 1 0 0 0 0 0 1 1 1 1
(507) 1 1 0 0 0 0 1 0 0 0 0
(508) 1 1 0 0 0 0 1 0 0 0 1
(509) 1 1 0 0 0 0 1 0 0 1 0
(510) 1 1 0 0 0 0 1 0 1 0 0
(511) 1 1 0 0 0 0 1 0 1 1 1
(512) 1 1 0 0 0 0 1 1 0 0 0
(513) 1 1 0 0 0 0 1 1 0 0 1
(514) 1 1 0 0 0 0 1 1 1 0 0
(515) 1 1 0 0 0 1 0 0 0 0 0
(516) 1 1 0 0 0 1 0 0 0 1 0
(517) 1 1 0 0 0 1 0 0 1 0 0
(518) 1 1 0 0 0 1 0 1 0 0 0
(519) 1 1 0 0 0 1 0 1 0 1 0
(520) 1 1 0 0 0 1 0 1 1 0 0
(521) 1 1 0 0 0 1 1 0 0 0 0
(522) 1 1 0 0 0 1 1 0 0 1 0
(523) 1 1 0 0 0 1 1 0 1 0 0
(524) 1 1 0 0 0 1 1 1 0 0 0
(525) 1 1 0 0 1 0 0 0 0 0 0
(526) 1 1 0 0 1 0 0 0 0 0 1
(527) 1 1 0 0 1 0 0 0 0 1 0
(528) 1 1 0 0 1 0 0 0 1 0 0
(529) 1 1 0 0 1 0 0 0 1 1 1
(530) 1 1 0 0 1 0 0 1 0 0 0
(531) 1 1 0 0 1 0 0 1 0 0 1
(532) 1 1 0 0 1 0 0 1 0 1 0
(533) 1 1 0 0 1 0 0 1 1 0 0
(534) 1 1 0 0 1 0 0 1 1 1 1
(535) 1 1 0 0 1 0 1 0 0 0 0
(536) 1 1 0 0 1 0 1 0 0 0 1
(537) 1 1 0 0 1 0 1 0 0 1 0
(538) 1 1 0 0 1 0 1 0 1 0 0
(539) 1 1 0 0 1 0 1 0 1 1 1
(540) 1 1 0 0 1 0 1 1 0 0 0
(541) 1 1 0 0 1 0 1 1 0 0 1
(542) 1 1 0 0 1 1 0 0 0 0 0
(543) 1 1 0 0 1 1 0 0 0 1 0
(544) 1 1 0 0 1 1 0 0 1 0 0
(545) 1 1 0 0 1 1 0 1 0 0 0
(546) 1 1 0 0 1 1 0 1 0 1 0
(547) 1 1 0 0 1 1 1 0 0 0 0
(548) 1 1 0 0 1 1 1 0 0 1 0
(549) 1 1 0 0 1 1 1 1 1 0 0
(550) 1 1 0 1 0 0 0 0 0 0 0
(551) 1 1 0 1 0 0 0 0 0 0 1
(552) 1 1 0 1 0 0 0 0 0 1 0
(553) 1 1 0 1 0 0 0 0 1 0 0
(554) 1 1 0 1 0 0 0 0 1 1 1
(555) 1 1 0 1 0 0 0 1 0 0 0
(556) 1 1 0 1 0 0 0 1 0 0 1
(557) 1 1 0 1 0 0 0 1 1 0 0
(558) 1 1 0 1 0 0 1 0 0 0 0
(559) 1 1 0 1 0 0 1 0 0 0 1
(560) 1 1 0 1 0 0 1 0 1 0 0
(561) 1 1 0 1 0 0 1 1 0 1 0
(562) 1 1 0 1 0 0 1 1 1 1 1
(563) 1 1 0 1 0 1 0 0 0 0 0
(564) 1 1 0 1 0 1 0 0 0 1 0
(565) 1 1 0 1 0 1 0 0 1 0 0
(566) 1 1 0 1 0 1 0 1 0 0 0
(567) 1 1 0 1 0 1 0 1 1 0 0
(568) 1 1 0 1 0 1 1 0 0 0 0
(569) 1 1 0 1 0 1 1 0 1 0 0
(570) 1 1 0 1 0 1 1 1 0 1 0
(571) 1 1 1 0 0 0 0 0 0 0 0
(572) 1 1 1 0 0 0 0 0 0 1 0
(573) 1 1 1 0 0 0 0 0 1 0 0
(574) 1 1 1 0 0 0 0 1 0 0 0
(575) 1 1 1 0 0 0 0 1 0 1 0
(576) 1 1 1 0 0 0 0 1 1 0 0
(577) 1 1 1 0 0 0 1 0 0 0 0
(578) 1 1 1 0 0 0 1 0 0 1 0
(579) 1 1 1 0 0 0 1 0 1 0 0
(580) 1 1 1 0 0 0 1 1 0 0 0
(581) 1 1 1 0 0 0 1 1 1 0 0
(582) 1 1 1 0 0 1 0 0 0 0 1
(583) 1 1 1 0 0 1 0 0 1 1 1
(584) 1 1 1 0 0 1 0 1 0 0 1
(585) 1 1 1 0 0 1 0 1 1 1 1
(586) 1 1 1 0 0 1 1 0 0 0 1
(587) 1 1 1 0 0 1 1 0 1 1 1
(588) 1 1 1 0 0 1 1 1 0 0 1
(589) 1 1 1 1 1 0 0 0 0 0 0
(590) 1 1 1 1 1 0 0 0 0 1 0
(591) 1 1 1 1 1 0 0 0 1 0 0
(592) 1 1 1 1 1 0 0 1 0 0 0
(593) 1 1 1 1 1 0 0 1 1 0 0
(594) 1 1 1 1 1 0 1 0 0 0 0
(595) 1 1 1 1 1 0 1 0 1 0 0
(596) 1 1 1 1 1 0 1 1 0 1 0
(597) 1 1 1 1 1 1 0 0 0 0 1
(598) 1 1 1 1 1 1 0 0 1 1 1
(599) 1 1 1 1 1 1 0 1 0 0 1
(600) 1 1 1 1 1 1 1 0 0 0 1
(601) 1 1 1 1 1 1 1 1 1 1 1
