Overlap label/order: [[1, 2], [1, 3], [1, 4], [1, 5], [2, 3], [2, 4], [2, 5]]
Cycles:  [[1, 3, 2], [1, 4, 2], [1, 5, 2], [1, 4, 2, 3], [1, 5, 2, 3], [1, 5, 2, 4]]
Dimension:  7
(1) 0 0 0 0 0 0 0
(2) 0 0 0 0 0 0 1
(3) 0 0 0 0 0 1 0
(4) 0 0 0 0 0 1 1
(5) 0 0 0 0 1 0 0
(6) 0 0 0 0 1 0 1
(7) 0 0 0 0 1 1 0
(8) 0 0 0 0 1 1 1
(9) 0 0 0 1 0 0 0
(10) 0 0 0 1 0 1 0
(11) 0 0 0 1 1 0 0
(12) 0 0 0 1 1 1 0
(13) 0 0 1 0 0 0 0
(14) 0 0 1 0 0 0 1
(15) 0 0 1 0 1 0 0
(16) 0 0 1 0 1 0 1
(17) 0 0 1 1 0 0 0
(18) 0 0 1 1 1 0 0
(19) 0 1 0 0 0 0 0
(20) 0 1 0 0 0 0 1
(21) 0 1 0 0 0 1 0
(22) 0 1 0 0 0 1 1
(23) 0 1 0 1 0 0 0
(24) 0 1 0 1 0 1 0
(25) 0 1 1 0 0 0 0
(26) 0 1 1 0 0 0 1
(27) 0 1 1 1 0 0 0
(28) 1 0 0 0 0 0 0
(29) 1 0 0 1 0 0 1
(30) 1 0 1 0 0 1 0
(31) 1 0 1 1 0 1 1
(32) 1 1 0 0 1 0 0
(33) 1 1 0 1 1 0 1
(34) 1 1 1 0 1 1 0
(35) 1 1 1 1 1 1 1
