Overlap label/order: [[1, 2], [1, 3], [1, 4], [1, 5], [1, 6], [1, 7], [2, 3], [2, 4], [2, 5], [2, 6], [2, 7]]
Cycles:  [[1, 3, 2], [1, 4, 2], [1, 5, 2], [1, 6, 2], [1, 7, 2], [1, 4, 2, 3], [1, 5, 2, 3], [1, 6, 2, 3], [1, 7, 2, 3], [1, 5, 2, 4], [1, 6, 2, 4], [1, 7, 2, 4], [1, 6, 2, 5], [1, 7, 2, 5], [1, 7, 2, 6]]
Dimension:  11
(1) 0 0 0 0 0 0 0 0 0 0 0
(2) 0 0 0 0 0 0 0 0 0 0 1
(3) 0 0 0 0 0 0 0 0 0 1 0
(4) 0 0 0 0 0 0 0 0 0 1 1
(5) 0 0 0 0 0 0 0 0 1 0 0
(6) 0 0 0 0 0 0 0 0 1 0 1
(7) 0 0 0 0 0 0 0 0 1 1 0
(8) 0 0 0 0 0 0 0 0 1 1 1
(9) 0 0 0 0 0 0 0 1 0 0 0
(10) 0 0 0 0 0 0 0 1 0 0 1
(11) 0 0 0 0 0 0 0 1 0 1 0
(12) 0 0 0 0 0 0 0 1 0 1 1
(13) 0 0 0 0 0 0 0 1 1 0 0
(14) 0 0 0 0 0 0 0 1 1 0 1
(15) 0 0 0 0 0 0 0 1 1 1 0
(16) 0 0 0 0 0 0 0 1 1 1 1
(17) 0 0 0 0 0 0 1 0 0 0 0
(18) 0 0 0 0 0 0 1 0 0 0 1
(19) 0 0 0 0 0 0 1 0 0 1 0
(20) 0 0 0 0 0 0 1 0 0 1 1
(21) 0 0 0 0 0 0 1 0 1 0 0
(22) 0 0 0 0 0 0 1 0 1 0 1
(23) 0 0 0 0 0 0 1 0 1 1 0
(24) 0 0 0 0 0 0 1 0 1 1 1
(25) 0 0 0 0 0 0 1 1 0 0 0
(26) 0 0 0 0 0 0 1 1 0 0 1
(27) 0 0 0 0 0 0 1 1 0 1 0
(28) 0 0 0 0 0 0 1 1 0 1 1
(29) 0 0 0 0 0 0 1 1 1 0 0
(30) 0 0 0 0 0 0 1 1 1 0 1
(31) 0 0 0 0 0 0 1 1 1 1 0
(32) 0 0 0 0 0 0 1 1 1 1 1
(33) 0 0 0 0 0 1 0 0 0 0 0
(34) 0 0 0 0 0 1 0 0 0 1 0
(35) 0 0 0 0 0 1 0 0 1 0 0
(36) 0 0 0 0 0 1 0 0 1 1 0
(37) 0 0 0 0 0 1 0 1 0 0 0
(38) 0 0 0 0 0 1 0 1 0 1 0
(39) 0 0 0 0 0 1 0 1 1 0 0
(40) 0 0 0 0 0 1 0 1 1 1 0
(41) 0 0 0 0 0 1 1 0 0 0 0
(42) 0 0 0 0 0 1 1 0 0 1 0
(43) 0 0 0 0 0 1 1 0 1 0 0
(44) 0 0 0 0 0 1 1 0 1 1 0
(45) 0 0 0 0 0 1 1 1 0 0 0
(46) 0 0 0 0 0 1 1 1 0 1 0
(47) 0 0 0 0 0 1 1 1 1 0 0
(48) 0 0 0 0 0 1 1 1 1 1 0
(49) 0 0 0 0 1 0 0 0 0 0 0
(50) 0 0 0 0 1 0 0 0 0 0 1
(51) 0 0 0 0 1 0 0 0 1 0 0
(52) 0 0 0 0 1 0 0 0 1 0 1
(53) 0 0 0 0 1 0 0 1 0 0 0
(54) 0 0 0 0 1 0 0 1 0 0 1
(55) 0 0 0 0 1 0 0 1 1 0 0
(56) 0 0 0 0 1 0 0 1 1 0 1
(57) 0 0 0 0 1 0 1 0 0 0 0
(58) 0 0 0 0 1 0 1 0 0 0 1
(59) 0 0 0 0 1 0 1 0 1 0 0
(60) 0 0 0 0 1 0 1 0 1 0 1
(61) 0 0 0 0 1 0 1 1 0 0 0
(62) 0 0 0 0 1 0 1 1 0 0 1
(63) 0 0 0 0 1 0 1 1 1 0 0
(64) 0 0 0 0 1 0 1 1 1 0 1
(65) 0 0 0 0 1 1 0 0 0 0 0
(66) 0 0 0 0 1 1 0 0 1 0 0
(67) 0 0 0 0 1 1 0 1 0 0 0
(68) 0 0 0 0 1 1 0 1 1 0 0
(69) 0 0 0 0 1 1 1 0 0 0 0
(70) 0 0 0 0 1 1 1 0 1 0 0
(71) 0 0 0 0 1 1 1 1 0 0 0
(72) 0 0 0 0 1 1 1 1 1 0 0
(73) 0 0 0 1 0 0 0 0 0 0 0
(74) 0 0 0 1 0 0 0 0 0 0 1
(75) 0 0 0 1 0 0 0 0 0 1 0
(76) 0 0 0 1 0 0 0 0 0 1 1
(77) 0 0 0 1 0 0 0 1 0 0 0
(78) 0 0 0 1 0 0 0 1 0 0 1
(79) 0 0 0 1 0 0 0 1 0 1 0
(80) 0 0 0 1 0 0 0 1 0 1 1
(81) 0 0 0 1 0 0 1 0 0 0 0
(82) 0 0 0 1 0 0 1 0 0 0 1
(83) 0 0 0 1 0 0 1 0 0 1 0
(84) 0 0 0 1 0 0 1 0 0 1 1
(85) 0 0 0 1 0 0 1 1 0 0 0
(86) 0 0 0 1 0 0 1 1 0 0 1
(87) 0 0 0 1 0 0 1 1 0 1 0
(88) 0 0 0 1 0 0 1 1 0 1 1
(89) 0 0 0 1 0 1 0 0 0 0 0
(90) 0 0 0 1 0 1 0 0 0 1 0
(91) 0 0 0 1 0 1 0 1 0 0 0
(92) 0 0 0 1 0 1 0 1 0 1 0
(93) 0 0 0 1 0 1 1 0 0 0 0
(94) 0 0 0 1 0 1 1 0 0 1 0
(95) 0 0 0 1 0 1 1 1 0 0 0
(96) 0 0 0 1 0 1 1 1 0 1 0
(97) 0 0 0 1 1 0 0 0 0 0 0
(98) 0 0 0 1 1 0 0 0 0 0 1
(99) 0 0 0 1 1 0 0 1 0 0 0
(100) 0 0 0 1 1 0 0 1 0 0 1
(101) 0 0 0 1 1 0 1 0 0 0 0
(102) 0 0 0 1 1 0 1 0 0 0 1
(103) 0 0 0 1 1 0 1 1 0 0 0
(104) 0 0 0 1 1 0 1 1 0 0 1
(105) 0 0 0 1 1 1 0 0 0 0 0
(106) 0 0 0 1 1 1 0 1 0 0 0
(107) 0 0 0 1 1 1 1 0 0 0 0
(108) 0 0 0 1 1 1 1 1 0 0 0
(109) 0 0 1 0 0 0 0 0 0 0 0
(110) 0 0 1 0 0 0 0 0 0 0 1
(111) 0 0 1 0 0 0 0 0 0 1 0
(112) 0 0 1 0 0 0 0 0 0 1 1
(113) 0 0 1 0 0 0 0 0 1 0 0
(114) 0 0 1 0 0 0 0 0 1 0 1
(115) 0 0 1 0 0 0 0 0 1 1 0
(116) 0 0 1 0 0 0 0 0 1 1 1
(117) 0 0 1 0 0 0 1 0 0 0 0
(118) 0 0 1 0 0 0 1 0 0 0 1
(119) 0 0 1 0 0 0 1 0 0 1 0
(120) 0 0 1 0 0 0 1 0 0 1 1
(121) 0 0 1 0 0 0 1 0 1 0 0
(122) 0 0 1 0 0 0 1 0 1 0 1
(123) 0 0 1 0 0 0 1 0 1 1 0
(124) 0 0 1 0 0 0 1 0 1 1 1
(125) 0 0 1 0 0 1 0 0 0 0 0
(126) 0 0 1 0 0 1 0 0 0 1 0
(127) 0 0 1 0 0 1 0 0 1 0 0
(128) 0 0 1 0 0 1 0 0 1 1 0
(129) 0 0 1 0 0 1 1 0 0 0 0
(130) 0 0 1 0 0 1 1 0 0 1 0
(131) 0 0 1 0 0 1 1 0 1 0 0
(132) 0 0 1 0 0 1 1 0 1 1 0
(133) 0 0 1 0 1 0 0 0 0 0 0
(134) 0 0 1 0 1 0 0 0 0 0 1
(135) 0 0 1 0 1 0 0 0 1 0 0
(136) 0 0 1 0 1 0 0 0 1 0 1
(137) 0 0 1 0 1 0 1 0 0 0 0
(138) 0 0 1 0 1 0 1 0 0 0 1
(139) 0 0 1 0 1 0 1 0 1 0 0
(140) 0 0 1 0 1 0 1 0 1 0 1
(141) 0 0 1 0 1 1 0 0 0 0 0
(142) 0 0 1 0 1 1 0 0 1 0 0
(143) 0 0 1 0 1 1 1 0 0 0 0
(144) 0 0 1 0 1 1 1 0 1 0 0
(145) 0 0 1 1 0 0 0 0 0 0 0
(146) 0 0 1 1 0 0 0 0 0 0 1
(147) 0 0 1 1 0 0 0 0 0 1 0
(148) 0 0 1 1 0 0 0 0 0 1 1
(149) 0 0 1 1 0 0 1 0 0 0 0
(150) 0 0 1 1 0 0 1 0 0 0 1
(151) 0 0 1 1 0 0 1 0 0 1 0
(152) 0 0 1 1 0 0 1 0 0 1 1
(153) 0 0 1 1 0 1 0 0 0 0 0
(154) 0 0 1 1 0 1 0 0 0 1 0
(155) 0 0 1 1 0 1 1 0 0 0 0
(156) 0 0 1 1 0 1 1 0 0 1 0
(157) 0 0 1 1 1 0 0 0 0 0 0
(158) 0 0 1 1 1 0 0 0 0 0 1
(159) 0 0 1 1 1 0 1 0 0 0 0
(160) 0 0 1 1 1 0 1 0 0 0 1
(161) 0 0 1 1 1 1 0 0 0 0 0
(162) 0 0 1 1 1 1 1 0 0 0 0
(163) 0 1 0 0 0 0 0 0 0 0 0
(164) 0 1 0 0 0 0 0 0 0 0 1
(165) 0 1 0 0 0 0 0 0 0 1 0
(166) 0 1 0 0 0 0 0 0 0 1 1
(167) 0 1 0 0 0 0 0 0 1 0 0
(168) 0 1 0 0 0 0 0 0 1 0 1
(169) 0 1 0 0 0 0 0 0 1 1 0
(170) 0 1 0 0 0 0 0 0 1 1 1
(171) 0 1 0 0 0 0 0 1 0 0 0
(172) 0 1 0 0 0 0 0 1 0 0 1
(173) 0 1 0 0 0 0 0 1 0 1 0
(174) 0 1 0 0 0 0 0 1 0 1 1
(175) 0 1 0 0 0 0 0 1 1 0 0
(176) 0 1 0 0 0 0 0 1 1 0 1
(177) 0 1 0 0 0 0 0 1 1 1 0
(178) 0 1 0 0 0 0 0 1 1 1 1
(179) 0 1 0 0 0 1 0 0 0 0 0
(180) 0 1 0 0 0 1 0 0 0 1 0
(181) 0 1 0 0 0 1 0 0 1 0 0
(182) 0 1 0 0 0 1 0 0 1 1 0
(183) 0 1 0 0 0 1 0 1 0 0 0
(184) 0 1 0 0 0 1 0 1 0 1 0
(185) 0 1 0 0 0 1 0 1 1 0 0
(186) 0 1 0 0 0 1 0 1 1 1 0
(187) 0 1 0 0 1 0 0 0 0 0 0
(188) 0 1 0 0 1 0 0 0 0 0 1
(189) 0 1 0 0 1 0 0 0 1 0 0
(190) 0 1 0 0 1 0 0 0 1 0 1
(191) 0 1 0 0 1 0 0 1 0 0 0
(192) 0 1 0 0 1 0 0 1 0 0 1
(193) 0 1 0 0 1 0 0 1 1 0 0
(194) 0 1 0 0 1 0 0 1 1 0 1
(195) 0 1 0 0 1 1 0 0 0 0 0
(196) 0 1 0 0 1 1 0 0 1 0 0
(197) 0 1 0 0 1 1 0 1 0 0 0
(198) 0 1 0 0 1 1 0 1 1 0 0
(199) 0 1 0 1 0 0 0 0 0 0 0
(200) 0 1 0 1 0 0 0 0 0 0 1
(201) 0 1 0 1 0 0 0 0 0 1 0
(202) 0 1 0 1 0 0 0 0 0 1 1
(203) 0 1 0 1 0 0 0 1 0 0 0
(204) 0 1 0 1 0 0 0 1 0 0 1
(205) 0 1 0 1 0 0 0 1 0 1 0
(206) 0 1 0 1 0 0 0 1 0 1 1
(207) 0 1 0 1 0 1 0 0 0 0 0
(208) 0 1 0 1 0 1 0 0 0 1 0
(209) 0 1 0 1 0 1 0 1 0 0 0
(210) 0 1 0 1 0 1 0 1 0 1 0
(211) 0 1 0 1 1 0 0 0 0 0 0
(212) 0 1 0 1 1 0 0 0 0 0 1
(213) 0 1 0 1 1 0 0 1 0 0 0
(214) 0 1 0 1 1 0 0 1 0 0 1
(215) 0 1 0 1 1 1 0 0 0 0 0
(216) 0 1 0 1 1 1 0 1 0 0 0
(217) 0 1 1 0 0 0 0 0 0 0 0
(218) 0 1 1 0 0 0 0 0 0 0 1
(219) 0 1 1 0 0 0 0 0 0 1 0
(220) 0 1 1 0 0 0 0 0 0 1 1
(221) 0 1 1 0 0 0 0 0 1 0 0
(222) 0 1 1 0 0 0 0 0 1 0 1
(223) 0 1 1 0 0 0 0 0 1 1 0
(224) 0 1 1 0 0 0 0 0 1 1 1
(225) 0 1 1 0 0 1 0 0 0 0 0
(226) 0 1 1 0 0 1 0 0 0 1 0
(227) 0 1 1 0 0 1 0 0 1 0 0
(228) 0 1 1 0 0 1 0 0 1 1 0
(229) 0 1 1 0 1 0 0 0 0 0 0
(230) 0 1 1 0 1 0 0 0 0 0 1
(231) 0 1 1 0 1 0 0 0 1 0 0
(232) 0 1 1 0 1 0 0 0 1 0 1
(233) 0 1 1 0 1 1 0 0 0 0 0
(234) 0 1 1 0 1 1 0 0 1 0 0
(235) 0 1 1 1 0 0 0 0 0 0 0
(236) 0 1 1 1 0 0 0 0 0 0 1
(237) 0 1 1 1 0 0 0 0 0 1 0
(238) 0 1 1 1 0 0 0 0 0 1 1
(239) 0 1 1 1 0 1 0 0 0 0 0
(240) 0 1 1 1 0 1 0 0 0 1 0
(241) 0 1 1 1 1 0 0 0 0 0 0
(242) 0 1 1 1 1 0 0 0 0 0 1
(243) 0 1 1 1 1 1 0 0 0 0 0
(244) 1 0 0 0 0 0 0 0 0 0 0
(245) 1 0 0 0 0 1 0 0 0 0 1
(246) 1 0 0 0 1 0 0 0 0 1 0
(247) 1 0 0 0 1 1 0 0 0 1 1
(248) 1 0 0 1 0 0 0 0 1 0 0
(249) 1 0 0 1 0 1 0 0 1 0 1
(250) 1 0 0 1 1 0 0 0 1 1 0
(251) 1 0 0 1 1 1 0 0 1 1 1
(252) 1 0 1 0 0 0 0 1 0 0 0
(253) 1 0 1 0 0 1 0 1 0 0 1
(254) 1 0 1 0 1 0 0 1 0 1 0
(255) 1 0 1 0 1 1 0 1 0 1 1
(256) 1 0 1 1 0 0 0 1 1 0 0
(257) 1 0 1 1 0 1 0 1 1 0 1
(258) 1 0 1 1 1 0 0 1 1 1 0
(259) 1 0 1 1 1 1 0 1 1 1 1
(260) 1 1 0 0 0 0 1 0 0 0 0
(261) 1 1 0 0 0 1 1 0 0 0 1
(262) 1 1 0 0 1 0 1 0 0 1 0
(263) 1 1 0 0 1 1 1 0 0 1 1
(264) 1 1 0 1 0 0 1 0 1 0 0
(265) 1 1 0 1 0 1 1 0 1 0 1
(266) 1 1 0 1 1 0 1 0 1 1 0
(267) 1 1 0 1 1 1 1 0 1 1 1
(268) 1 1 1 0 0 0 1 1 0 0 0
(269) 1 1 1 0 0 1 1 1 0 0 1
(270) 1 1 1 0 1 0 1 1 0 1 0
(271) 1 1 1 0 1 1 1 1 0 1 1
(272) 1 1 1 1 0 0 1 1 1 0 0
(273) 1 1 1 1 0 1 1 1 1 0 1
(274) 1 1 1 1 1 0 1 1 1 1 0
(275) 1 1 1 1 1 1 1 1 1 1 1
