Overlap label/order: [[1, 2], [1, 4], [1, 6], [2, 3], [2, 7], [3, 5], [3, 8], [4, 5], [4, 8], [5, 6], [6, 7], [7, 8]]
Cycles:  [[1, 4, 5, 3, 2], [1, 6, 7, 8, 4, 5, 3, 2], [1, 6, 5, 3, 2], [1, 4, 8, 3, 2], [1, 6, 5, 4, 8, 3, 2], [1, 6, 7, 8, 3, 2], [1, 6, 7, 2], [1, 4, 5, 6, 7, 2], [1, 4, 5, 3, 8, 7, 2], [1, 6, 5, 3, 8, 7, 2], [1, 4, 8, 7, 2], [1, 6, 5, 4, 8, 7, 2], [1, 6, 7, 2, 3, 5, 4], [1, 6, 7, 8, 3, 5, 4], [1, 6, 5, 4], [1, 6, 7, 2, 3, 8, 4], [1, 6, 5, 3, 8, 4], [1, 6, 7, 8, 4], [2, 7, 8, 4, 5, 3], [2, 7, 6, 5, 3], [2, 7, 6, 5, 4, 8, 3], [2, 7, 8, 3], [3, 5, 4, 8], [4, 8, 7, 6, 5], [3, 5, 6, 7, 8]]
Dimension:  12
(1) 0 0 0 0 0 0 0 0 0 0 0 0
(2) 0 0 0 0 0 0 0 0 0 0 0 1
(3) 0 0 0 0 0 0 0 0 0 0 1 0
(4) 0 0 0 0 0 0 0 0 0 0 1 1
(5) 0 0 0 0 0 0 0 0 0 1 0 0
(6) 0 0 0 0 0 0 0 0 0 1 0 1
(7) 0 0 0 0 0 0 0 0 0 1 1 0
(8) 0 0 0 0 0 0 0 0 0 1 1 1
(9) 0 0 0 0 0 0 0 0 1 0 0 0
(10) 0 0 0 0 0 0 0 0 1 0 0 1
(11) 0 0 0 0 0 0 0 0 1 0 1 0
(12) 0 0 0 0 0 0 0 0 1 0 1 1
(13) 0 0 0 0 0 0 0 0 1 1 0 0
(14) 0 0 0 0 0 0 0 0 1 1 0 1
(15) 0 0 0 0 0 0 0 0 1 1 1 0
(16) 0 0 0 0 0 0 0 1 0 0 0 0
(17) 0 0 0 0 0 0 0 1 0 0 0 1
(18) 0 0 0 0 0 0 0 1 0 0 1 0
(19) 0 0 0 0 0 0 0 1 0 0 1 1
(20) 0 0 0 0 0 0 0 1 0 1 0 0
(21) 0 0 0 0 0 0 0 1 0 1 0 1
(22) 0 0 0 0 0 0 0 1 0 1 1 0
(23) 0 0 0 0 0 0 0 1 1 0 0 0
(24) 0 0 0 0 0 0 0 1 1 0 0 1
(25) 0 0 0 0 0 0 0 1 1 0 1 0
(26) 0 0 0 0 0 0 0 1 1 1 0 0
(27) 0 0 0 0 0 0 0 1 1 1 1 1
(28) 0 0 0 0 0 0 1 0 0 0 0 0
(29) 0 0 0 0 0 0 1 0 0 0 0 1
(30) 0 0 0 0 0 0 1 0 0 0 1 0
(31) 0 0 0 0 0 0 1 0 0 0 1 1
(32) 0 0 0 0 0 0 1 0 0 1 0 0
(33) 0 0 0 0 0 0 1 0 0 1 0 1
(34) 0 0 0 0 0 0 1 0 0 1 1 0
(35) 0 0 0 0 0 0 1 0 1 0 0 0
(36) 0 0 0 0 0 0 1 0 1 0 0 1
(37) 0 0 0 0 0 0 1 0 1 0 1 0
(38) 0 0 0 0 0 0 1 0 1 0 1 1
(39) 0 0 0 0 0 0 1 0 1 1 0 0
(40) 0 0 0 0 0 0 1 0 1 1 0 1
(41) 0 0 0 0 0 0 1 0 1 1 1 0
(42) 0 0 0 0 0 0 1 1 0 0 0 0
(43) 0 0 0 0 0 0 1 1 0 0 0 1
(44) 0 0 0 0 0 0 1 1 0 0 1 0
(45) 0 0 0 0 0 0 1 1 0 0 1 1
(46) 0 0 0 0 0 0 1 1 0 1 0 0
(47) 0 0 0 0 0 0 1 1 0 1 0 1
(48) 0 0 0 0 0 0 1 1 0 1 1 0
(49) 0 0 0 0 0 1 0 0 0 0 0 0
(50) 0 0 0 0 0 1 0 0 0 0 0 1
(51) 0 0 0 0 0 1 0 0 0 0 1 0
(52) 0 0 0 0 0 1 0 0 0 0 1 1
(53) 0 0 0 0 0 1 0 0 0 1 0 0
(54) 0 0 0 0 0 1 0 0 0 1 0 1
(55) 0 0 0 0 0 1 0 0 0 1 1 0
(56) 0 0 0 0 0 1 0 0 1 0 0 0
(57) 0 0 0 0 0 1 0 0 1 0 0 1
(58) 0 0 0 0 0 1 0 0 1 0 1 0
(59) 0 0 0 0 0 1 0 0 1 0 1 1
(60) 0 0 0 0 0 1 0 0 1 1 0 0
(61) 0 0 0 0 0 1 0 0 1 1 0 1
(62) 0 0 0 0 0 1 0 0 1 1 1 0
(63) 0 0 0 0 0 1 0 1 0 0 0 0
(64) 0 0 0 0 0 1 0 1 0 0 0 1
(65) 0 0 0 0 0 1 0 1 0 0 1 0
(66) 0 0 0 0 0 1 0 1 0 0 1 1
(67) 0 0 0 0 0 1 0 1 0 1 0 0
(68) 0 0 0 0 0 1 0 1 0 1 0 1
(69) 0 0 0 0 0 1 0 1 0 1 1 0
(70) 0 0 0 0 0 1 1 0 0 0 0 0
(71) 0 0 0 0 0 1 1 0 0 0 0 1
(72) 0 0 0 0 0 1 1 0 0 0 1 0
(73) 0 0 0 0 0 1 1 0 0 1 0 0
(74) 0 0 0 0 0 1 1 0 0 1 1 1
(75) 0 0 0 0 0 1 1 1 1 0 0 0
(76) 0 0 0 0 0 1 1 1 1 0 0 1
(77) 0 0 0 0 0 1 1 1 1 0 1 0
(78) 0 0 0 0 0 1 1 1 1 1 0 0
(79) 0 0 0 0 0 1 1 1 1 1 1 1
(80) 0 0 0 0 1 0 0 0 0 0 0 0
(81) 0 0 0 0 1 0 0 0 0 0 0 1
(82) 0 0 0 0 1 0 0 0 0 0 1 0
(83) 0 0 0 0 1 0 0 0 0 0 1 1
(84) 0 0 0 0 1 0 0 0 0 1 0 0
(85) 0 0 0 0 1 0 0 0 0 1 0 1
(86) 0 0 0 0 1 0 0 0 0 1 1 0
(87) 0 0 0 0 1 0 0 0 0 1 1 1
(88) 0 0 0 0 1 0 0 0 1 0 0 0
(89) 0 0 0 0 1 0 0 0 1 0 0 1
(90) 0 0 0 0 1 0 0 0 1 0 1 0
(91) 0 0 0 0 1 0 0 0 1 0 1 1
(92) 0 0 0 0 1 0 0 0 1 1 0 0
(93) 0 0 0 0 1 0 0 0 1 1 0 1
(94) 0 0 0 0 1 0 0 0 1 1 1 0
(95) 0 0 0 0 1 0 0 1 0 0 0 0
(96) 0 0 0 0 1 0 0 1 0 0 0 1
(97) 0 0 0 0 1 0 0 1 0 0 1 0
(98) 0 0 0 0 1 0 0 1 0 0 1 1
(99) 0 0 0 0 1 0 0 1 0 1 0 0
(100) 0 0 0 0 1 0 0 1 0 1 0 1
(101) 0 0 0 0 1 0 0 1 0 1 1 0
(102) 0 0 0 0 1 0 0 1 1 0 0 0
(103) 0 0 0 0 1 0 0 1 1 0 0 1
(104) 0 0 0 0 1 0 0 1 1 0 1 0
(105) 0 0 0 0 1 0 0 1 1 1 0 0
(106) 0 0 0 0 1 0 0 1 1 1 1 1
(107) 0 0 0 0 1 0 1 0 0 0 0 0
(108) 0 0 0 0 1 0 1 0 0 0 1 0
(109) 0 0 0 0 1 0 1 0 0 1 0 0
(110) 0 0 0 0 1 0 1 0 0 1 1 0
(111) 0 0 0 0 1 0 1 0 1 0 0 0
(112) 0 0 0 0 1 0 1 0 1 0 1 0
(113) 0 0 0 0 1 0 1 0 1 1 0 0
(114) 0 0 0 0 1 0 1 0 1 1 1 0
(115) 0 0 0 0 1 0 1 1 0 0 0 0
(116) 0 0 0 0 1 0 1 1 0 0 1 0
(117) 0 0 0 0 1 0 1 1 0 1 0 0
(118) 0 0 0 0 1 0 1 1 0 1 1 0
(119) 0 0 0 0 1 1 0 0 0 0 0 0
(120) 0 0 0 0 1 1 0 0 0 0 0 1
(121) 0 0 0 0 1 1 0 0 0 0 1 0
(122) 0 0 0 0 1 1 0 0 0 0 1 1
(123) 0 0 0 0 1 1 0 0 0 1 0 0
(124) 0 0 0 0 1 1 0 0 0 1 0 1
(125) 0 0 0 0 1 1 0 0 1 0 0 0
(126) 0 0 0 0 1 1 0 0 1 0 0 1
(127) 0 0 0 0 1 1 0 0 1 0 1 0
(128) 0 0 0 0 1 1 0 0 1 0 1 1
(129) 0 0 0 0 1 1 0 0 1 1 0 0
(130) 0 0 0 0 1 1 0 0 1 1 0 1
(131) 0 0 0 0 1 1 0 1 0 0 0 0
(132) 0 0 0 0 1 1 0 1 0 0 0 1
(133) 0 0 0 0 1 1 0 1 0 0 1 0
(134) 0 0 0 0 1 1 0 1 0 0 1 1
(135) 0 0 0 0 1 1 0 1 0 1 0 0
(136) 0 0 0 0 1 1 0 1 0 1 0 1
(137) 0 0 0 0 1 1 1 0 0 0 0 0
(138) 0 0 0 0 1 1 1 0 0 0 1 0
(139) 0 0 0 0 1 1 1 0 0 1 0 0
(140) 0 0 0 0 1 1 1 1 1 0 0 0
(141) 0 0 0 0 1 1 1 1 1 0 1 0
(142) 0 0 0 0 1 1 1 1 1 1 0 0
(143) 0 0 0 1 0 0 0 0 0 0 0 0
(144) 0 0 0 1 0 0 0 0 0 0 0 1
(145) 0 0 0 1 0 0 0 0 0 0 1 0
(146) 0 0 0 1 0 0 0 0 0 0 1 1
(147) 0 0 0 1 0 0 0 0 0 1 0 0
(148) 0 0 0 1 0 0 0 0 0 1 0 1
(149) 0 0 0 1 0 0 0 0 0 1 1 0
(150) 0 0 0 1 0 0 0 0 0 1 1 1
(151) 0 0 0 1 0 0 0 0 1 0 0 0
(152) 0 0 0 1 0 0 0 0 1 0 0 1
(153) 0 0 0 1 0 0 0 0 1 0 1 0
(154) 0 0 0 1 0 0 0 0 1 0 1 1
(155) 0 0 0 1 0 0 0 0 1 1 0 0
(156) 0 0 0 1 0 0 0 0 1 1 0 1
(157) 0 0 0 1 0 0 0 0 1 1 1 0
(158) 0 0 0 1 0 0 0 1 0 0 0 0
(159) 0 0 0 1 0 0 0 1 0 0 0 1
(160) 0 0 0 1 0 0 0 1 0 0 1 0
(161) 0 0 0 1 0 0 0 1 0 0 1 1
(162) 0 0 0 1 0 0 0 1 0 1 0 0
(163) 0 0 0 1 0 0 0 1 0 1 0 1
(164) 0 0 0 1 0 0 0 1 0 1 1 0
(165) 0 0 0 1 0 0 0 1 1 0 0 0
(166) 0 0 0 1 0 0 0 1 1 0 0 1
(167) 0 0 0 1 0 0 0 1 1 0 1 0
(168) 0 0 0 1 0 0 0 1 1 1 0 0
(169) 0 0 0 1 0 0 0 1 1 1 1 1
(170) 0 0 0 1 0 0 1 0 0 0 0 0
(171) 0 0 0 1 0 0 1 0 0 0 1 0
(172) 0 0 0 1 0 0 1 0 0 1 0 0
(173) 0 0 0 1 0 0 1 0 0 1 1 0
(174) 0 0 0 1 0 0 1 0 1 0 0 0
(175) 0 0 0 1 0 0 1 0 1 0 1 0
(176) 0 0 0 1 0 0 1 0 1 1 0 0
(177) 0 0 0 1 0 0 1 0 1 1 1 0
(178) 0 0 0 1 0 0 1 1 0 0 0 0
(179) 0 0 0 1 0 0 1 1 0 0 1 0
(180) 0 0 0 1 0 0 1 1 0 1 0 0
(181) 0 0 0 1 0 0 1 1 0 1 1 0
(182) 0 0 0 1 0 1 0 0 0 0 0 0
(183) 0 0 0 1 0 1 0 0 0 0 0 1
(184) 0 0 0 1 0 1 0 0 0 0 1 0
(185) 0 0 0 1 0 1 0 0 0 0 1 1
(186) 0 0 0 1 0 1 0 0 0 1 0 0
(187) 0 0 0 1 0 1 0 0 0 1 0 1
(188) 0 0 0 1 0 1 0 0 1 0 0 0
(189) 0 0 0 1 0 1 0 0 1 0 0 1
(190) 0 0 0 1 0 1 0 0 1 0 1 0
(191) 0 0 0 1 0 1 0 0 1 0 1 1
(192) 0 0 0 1 0 1 0 0 1 1 0 0
(193) 0 0 0 1 0 1 0 0 1 1 0 1
(194) 0 0 0 1 0 1 0 1 0 0 0 0
(195) 0 0 0 1 0 1 0 1 0 0 0 1
(196) 0 0 0 1 0 1 0 1 0 0 1 0
(197) 0 0 0 1 0 1 0 1 0 0 1 1
(198) 0 0 0 1 0 1 0 1 0 1 0 0
(199) 0 0 0 1 0 1 0 1 0 1 0 1
(200) 0 0 0 1 0 1 1 0 0 0 0 0
(201) 0 0 0 1 0 1 1 0 0 0 1 0
(202) 0 0 0 1 0 1 1 0 0 1 0 0
(203) 0 0 0 1 0 1 1 1 1 0 0 0
(204) 0 0 0 1 0 1 1 1 1 0 1 0
(205) 0 0 0 1 0 1 1 1 1 1 0 0
(206) 0 0 0 1 1 0 0 0 0 0 0 0
(207) 0 0 0 1 1 0 0 0 0 0 1 0
(208) 0 0 0 1 1 0 0 0 0 1 0 0
(209) 0 0 0 1 1 0 0 0 1 0 0 0
(210) 0 0 0 1 1 0 0 0 1 0 1 0
(211) 0 0 0 1 1 0 0 0 1 1 0 0
(212) 0 0 0 1 1 0 0 1 0 0 0 0
(213) 0 0 0 1 1 0 0 1 0 0 1 0
(214) 0 0 0 1 1 0 0 1 0 1 0 0
(215) 0 0 0 1 1 0 0 1 1 0 0 0
(216) 0 0 0 1 1 0 0 1 1 0 1 0
(217) 0 0 0 1 1 0 0 1 1 1 0 0
(218) 0 0 0 1 1 0 1 0 0 0 0 1
(219) 0 0 0 1 1 0 1 0 0 0 1 1
(220) 0 0 0 1 1 0 1 0 0 1 0 1
(221) 0 0 0 1 1 0 1 0 1 0 0 1
(222) 0 0 0 1 1 0 1 0 1 0 1 1
(223) 0 0 0 1 1 0 1 0 1 1 0 1
(224) 0 0 0 1 1 0 1 1 0 0 0 1
(225) 0 0 0 1 1 0 1 1 0 0 1 1
(226) 0 0 0 1 1 0 1 1 0 1 0 1
(227) 0 0 0 1 1 1 0 0 0 0 0 0
(228) 0 0 0 1 1 1 0 0 0 1 1 0
(229) 0 0 0 1 1 1 0 0 1 0 0 0
(230) 0 0 0 1 1 1 0 0 1 1 1 0
(231) 0 0 0 1 1 1 0 1 0 0 0 0
(232) 0 0 0 1 1 1 0 1 0 1 1 0
(233) 0 0 0 1 1 1 1 0 0 0 0 1
(234) 0 0 0 1 1 1 1 0 0 1 1 1
(235) 0 0 0 1 1 1 1 1 1 0 0 1
(236) 0 0 0 1 1 1 1 1 1 1 1 1
(237) 0 0 1 0 0 0 0 0 0 0 0 0
(238) 0 0 1 0 0 0 0 0 0 0 0 1
(239) 0 0 1 0 0 0 0 0 0 0 1 0
(240) 0 0 1 0 0 0 0 0 0 0 1 1
(241) 0 0 1 0 0 0 0 0 0 1 0 0
(242) 0 0 1 0 0 0 0 0 0 1 0 1
(243) 0 0 1 0 0 0 0 0 0 1 1 0
(244) 0 0 1 0 0 0 0 0 0 1 1 1
(245) 0 0 1 0 0 0 0 0 1 0 0 0
(246) 0 0 1 0 0 0 0 0 1 0 0 1
(247) 0 0 1 0 0 0 0 0 1 0 1 0
(248) 0 0 1 0 0 0 0 0 1 1 0 0
(249) 0 0 1 0 0 0 0 0 1 1 0 1
(250) 0 0 1 0 0 0 0 0 1 1 1 0
(251) 0 0 1 0 0 0 0 1 0 0 0 0
(252) 0 0 1 0 0 0 0 1 0 0 0 1
(253) 0 0 1 0 0 0 0 1 0 0 1 0
(254) 0 0 1 0 0 0 0 1 0 0 1 1
(255) 0 0 1 0 0 0 0 1 1 0 0 0
(256) 0 0 1 0 0 0 0 1 1 0 0 1
(257) 0 0 1 0 0 0 0 1 1 0 1 0
(258) 0 0 1 0 0 0 1 0 0 0 0 0
(259) 0 0 1 0 0 0 1 0 0 0 0 1
(260) 0 0 1 0 0 0 1 0 0 0 1 0
(261) 0 0 1 0 0 0 1 0 0 0 1 1
(262) 0 0 1 0 0 0 1 0 0 1 0 0
(263) 0 0 1 0 0 0 1 0 0 1 0 1
(264) 0 0 1 0 0 0 1 0 0 1 1 0
(265) 0 0 1 0 0 0 1 0 1 0 0 0
(266) 0 0 1 0 0 0 1 0 1 0 0 1
(267) 0 0 1 0 0 0 1 0 1 0 1 0
(268) 0 0 1 0 0 0 1 0 1 1 0 0
(269) 0 0 1 0 0 0 1 0 1 1 0 1
(270) 0 0 1 0 0 0 1 0 1 1 1 0
(271) 0 0 1 0 0 0 1 1 0 0 0 0
(272) 0 0 1 0 0 0 1 1 0 0 0 1
(273) 0 0 1 0 0 0 1 1 0 0 1 0
(274) 0 0 1 0 0 0 1 1 0 0 1 1
(275) 0 0 1 0 0 1 0 0 0 0 0 0
(276) 0 0 1 0 0 1 0 0 0 0 0 1
(277) 0 0 1 0 0 1 0 0 0 0 1 0
(278) 0 0 1 0 0 1 0 0 0 0 1 1
(279) 0 0 1 0 0 1 0 0 0 1 0 0
(280) 0 0 1 0 0 1 0 0 0 1 0 1
(281) 0 0 1 0 0 1 0 0 0 1 1 0
(282) 0 0 1 0 0 1 0 0 1 0 0 0
(283) 0 0 1 0 0 1 0 0 1 0 0 1
(284) 0 0 1 0 0 1 0 0 1 0 1 0
(285) 0 0 1 0 0 1 0 0 1 1 0 0
(286) 0 0 1 0 0 1 0 0 1 1 0 1
(287) 0 0 1 0 0 1 0 0 1 1 1 0
(288) 0 0 1 0 0 1 0 1 0 0 0 0
(289) 0 0 1 0 0 1 0 1 0 0 0 1
(290) 0 0 1 0 0 1 0 1 0 0 1 0
(291) 0 0 1 0 0 1 0 1 0 0 1 1
(292) 0 0 1 0 0 1 1 0 0 0 0 0
(293) 0 0 1 0 0 1 1 0 0 0 0 1
(294) 0 0 1 0 0 1 1 0 0 0 1 0
(295) 0 0 1 0 0 1 1 0 0 1 0 0
(296) 0 0 1 0 0 1 1 0 0 1 1 1
(297) 0 0 1 0 0 1 1 1 1 0 0 0
(298) 0 0 1 0 0 1 1 1 1 0 0 1
(299) 0 0 1 0 0 1 1 1 1 0 1 0
(300) 0 0 1 0 1 0 0 0 0 0 0 0
(301) 0 0 1 0 1 0 0 0 0 0 0 1
(302) 0 0 1 0 1 0 0 0 0 1 0 0
(303) 0 0 1 0 1 0 0 0 0 1 0 1
(304) 0 0 1 0 1 0 0 0 1 0 0 0
(305) 0 0 1 0 1 0 0 0 1 0 0 1
(306) 0 0 1 0 1 0 0 0 1 1 0 0
(307) 0 0 1 0 1 0 0 0 1 1 0 1
(308) 0 0 1 0 1 0 0 1 0 0 0 0
(309) 0 0 1 0 1 0 0 1 0 0 0 1
(310) 0 0 1 0 1 0 0 1 1 0 0 0
(311) 0 0 1 0 1 0 0 1 1 0 0 1
(312) 0 0 1 0 1 0 1 0 0 0 0 0
(313) 0 0 1 0 1 0 1 0 0 1 0 0
(314) 0 0 1 0 1 0 1 0 1 0 0 0
(315) 0 0 1 0 1 0 1 0 1 1 0 0
(316) 0 0 1 0 1 0 1 1 0 0 0 0
(317) 0 0 1 0 1 1 0 0 0 0 0 0
(318) 0 0 1 0 1 1 0 0 0 0 0 1
(319) 0 0 1 0 1 1 0 0 0 1 0 0
(320) 0 0 1 0 1 1 0 0 0 1 0 1
(321) 0 0 1 0 1 1 0 0 1 0 0 0
(322) 0 0 1 0 1 1 0 0 1 0 0 1
(323) 0 0 1 0 1 1 0 0 1 1 0 0
(324) 0 0 1 0 1 1 0 0 1 1 0 1
(325) 0 0 1 0 1 1 0 1 0 0 0 0
(326) 0 0 1 0 1 1 0 1 0 0 0 1
(327) 0 0 1 0 1 1 1 0 0 0 0 0
(328) 0 0 1 0 1 1 1 0 0 1 0 0
(329) 0 0 1 0 1 1 1 1 1 0 0 0
(330) 0 0 1 1 0 0 0 0 0 0 0 0
(331) 0 0 1 1 0 0 0 0 0 0 0 1
(332) 0 0 1 1 0 0 0 0 0 0 1 0
(333) 0 0 1 1 0 0 0 0 0 0 1 1
(334) 0 0 1 1 0 0 0 0 0 1 0 0
(335) 0 0 1 1 0 0 0 0 0 1 0 1
(336) 0 0 1 1 0 0 0 0 0 1 1 0
(337) 0 0 1 1 0 0 0 0 0 1 1 1
(338) 0 0 1 1 0 0 0 0 1 0 0 0
(339) 0 0 1 1 0 0 0 0 1 0 0 1
(340) 0 0 1 1 0 0 0 0 1 0 1 0
(341) 0 0 1 1 0 0 0 0 1 1 0 0
(342) 0 0 1 1 0 0 0 0 1 1 0 1
(343) 0 0 1 1 0 0 0 0 1 1 1 0
(344) 0 0 1 1 0 0 0 1 0 0 0 0
(345) 0 0 1 1 0 0 0 1 0 0 0 1
(346) 0 0 1 1 0 0 0 1 0 0 1 0
(347) 0 0 1 1 0 0 0 1 0 0 1 1
(348) 0 0 1 1 0 0 0 1 1 0 0 0
(349) 0 0 1 1 0 0 0 1 1 0 0 1
(350) 0 0 1 1 0 0 0 1 1 0 1 0
(351) 0 0 1 1 0 0 1 0 0 0 0 0
(352) 0 0 1 1 0 0 1 0 0 0 1 0
(353) 0 0 1 1 0 0 1 0 0 1 0 0
(354) 0 0 1 1 0 0 1 0 0 1 1 0
(355) 0 0 1 1 0 0 1 0 1 0 0 0
(356) 0 0 1 1 0 0 1 0 1 0 1 0
(357) 0 0 1 1 0 0 1 0 1 1 0 0
(358) 0 0 1 1 0 0 1 0 1 1 1 0
(359) 0 0 1 1 0 0 1 1 0 0 0 0
(360) 0 0 1 1 0 0 1 1 0 0 1 0
(361) 0 0 1 1 0 1 0 0 0 0 0 0
(362) 0 0 1 1 0 1 0 0 0 0 0 1
(363) 0 0 1 1 0 1 0 0 0 0 1 0
(364) 0 0 1 1 0 1 0 0 0 0 1 1
(365) 0 0 1 1 0 1 0 0 1 0 0 0
(366) 0 0 1 1 0 1 0 0 1 0 0 1
(367) 0 0 1 1 0 1 0 0 1 0 1 0
(368) 0 0 1 1 0 1 0 1 0 0 0 0
(369) 0 0 1 1 0 1 0 1 0 0 0 1
(370) 0 0 1 1 0 1 0 1 0 0 1 0
(371) 0 0 1 1 0 1 0 1 0 0 1 1
(372) 0 0 1 1 0 1 1 0 0 0 0 0
(373) 0 0 1 1 0 1 1 0 0 0 1 0
(374) 0 0 1 1 0 1 1 1 1 0 0 0
(375) 0 0 1 1 0 1 1 1 1 0 1 0
(376) 0 0 1 1 1 0 0 0 0 0 0 0
(377) 0 0 1 1 1 0 0 0 0 1 0 0
(378) 0 0 1 1 1 0 0 0 1 0 0 0
(379) 0 0 1 1 1 0 0 0 1 1 0 0
(380) 0 0 1 1 1 0 0 1 0 0 0 0
(381) 0 0 1 1 1 0 0 1 1 0 0 0
(382) 0 0 1 1 1 0 1 0 0 0 0 1
(383) 0 0 1 1 1 0 1 0 0 1 0 1
(384) 0 0 1 1 1 0 1 0 1 0 0 1
(385) 0 0 1 1 1 0 1 0 1 1 0 1
(386) 0 0 1 1 1 0 1 1 0 0 0 1
(387) 0 0 1 1 1 1 0 0 0 0 0 0
(388) 0 0 1 1 1 1 0 0 1 0 0 0
(389) 0 0 1 1 1 1 0 1 0 0 0 0
(390) 0 0 1 1 1 1 1 0 0 0 0 1
(391) 0 0 1 1 1 1 1 1 1 0 0 1
(392) 0 1 0 0 0 0 0 0 0 0 0 0
(393) 0 1 0 0 0 0 0 0 0 0 0 1
(394) 0 1 0 0 0 0 0 0 0 0 1 0
(395) 0 1 0 0 0 0 0 0 0 0 1 1
(396) 0 1 0 0 0 0 0 0 0 1 0 0
(397) 0 1 0 0 0 0 0 0 0 1 0 1
(398) 0 1 0 0 0 0 0 0 0 1 1 0
(399) 0 1 0 0 0 0 0 0 0 1 1 1
(400) 0 1 0 0 0 0 0 0 1 0 0 0
(401) 0 1 0 0 0 0 0 0 1 0 0 1
(402) 0 1 0 0 0 0 0 0 1 0 1 0
(403) 0 1 0 0 0 0 0 0 1 1 0 0
(404) 0 1 0 0 0 0 0 0 1 1 0 1
(405) 0 1 0 0 0 0 0 0 1 1 1 0
(406) 0 1 0 0 0 0 0 1 0 0 0 0
(407) 0 1 0 0 0 0 0 1 0 0 0 1
(408) 0 1 0 0 0 0 0 1 0 0 1 0
(409) 0 1 0 0 0 0 0 1 0 0 1 1
(410) 0 1 0 0 0 0 0 1 1 0 0 0
(411) 0 1 0 0 0 0 0 1 1 0 0 1
(412) 0 1 0 0 0 0 0 1 1 0 1 0
(413) 0 1 0 0 0 0 1 0 0 0 0 0
(414) 0 1 0 0 0 0 1 0 0 0 0 1
(415) 0 1 0 0 0 0 1 0 0 0 1 0
(416) 0 1 0 0 0 0 1 0 0 0 1 1
(417) 0 1 0 0 0 0 1 0 0 1 0 0
(418) 0 1 0 0 0 0 1 0 0 1 0 1
(419) 0 1 0 0 0 0 1 0 0 1 1 0
(420) 0 1 0 0 0 0 1 0 1 0 0 0
(421) 0 1 0 0 0 0 1 0 1 0 0 1
(422) 0 1 0 0 0 0 1 0 1 0 1 0
(423) 0 1 0 0 0 0 1 0 1 1 0 0
(424) 0 1 0 0 0 0 1 0 1 1 0 1
(425) 0 1 0 0 0 0 1 0 1 1 1 0
(426) 0 1 0 0 0 0 1 1 0 0 0 0
(427) 0 1 0 0 0 0 1 1 0 0 0 1
(428) 0 1 0 0 0 0 1 1 0 0 1 0
(429) 0 1 0 0 0 0 1 1 0 0 1 1
(430) 0 1 0 0 0 1 0 0 0 0 0 0
(431) 0 1 0 0 0 1 0 0 0 0 0 1
(432) 0 1 0 0 0 1 0 0 0 0 1 0
(433) 0 1 0 0 0 1 0 0 0 0 1 1
(434) 0 1 0 0 0 1 0 0 0 1 0 0
(435) 0 1 0 0 0 1 0 0 0 1 0 1
(436) 0 1 0 0 0 1 0 0 0 1 1 0
(437) 0 1 0 0 0 1 0 0 1 0 0 0
(438) 0 1 0 0 0 1 0 0 1 0 0 1
(439) 0 1 0 0 0 1 0 0 1 0 1 0
(440) 0 1 0 0 0 1 0 0 1 1 0 0
(441) 0 1 0 0 0 1 0 0 1 1 0 1
(442) 0 1 0 0 0 1 0 0 1 1 1 0
(443) 0 1 0 0 0 1 0 1 0 0 0 0
(444) 0 1 0 0 0 1 0 1 0 0 0 1
(445) 0 1 0 0 0 1 0 1 0 0 1 0
(446) 0 1 0 0 0 1 0 1 0 0 1 1
(447) 0 1 0 0 0 1 1 0 0 0 0 0
(448) 0 1 0 0 0 1 1 0 0 0 0 1
(449) 0 1 0 0 0 1 1 0 0 0 1 0
(450) 0 1 0 0 0 1 1 0 0 1 0 0
(451) 0 1 0 0 0 1 1 0 0 1 1 1
(452) 0 1 0 0 0 1 1 1 1 0 0 0
(453) 0 1 0 0 0 1 1 1 1 0 0 1
(454) 0 1 0 0 0 1 1 1 1 0 1 0
(455) 0 1 0 0 1 0 0 0 0 0 0 0
(456) 0 1 0 0 1 0 0 0 0 0 0 1
(457) 0 1 0 0 1 0 0 0 0 0 1 0
(458) 0 1 0 0 1 0 0 0 0 0 1 1
(459) 0 1 0 0 1 0 0 0 0 1 0 0
(460) 0 1 0 0 1 0 0 0 0 1 0 1
(461) 0 1 0 0 1 0 0 0 0 1 1 0
(462) 0 1 0 0 1 0 0 0 0 1 1 1
(463) 0 1 0 0 1 0 0 0 1 0 0 0
(464) 0 1 0 0 1 0 0 0 1 0 1 0
(465) 0 1 0 0 1 0 0 0 1 1 0 0
(466) 0 1 0 0 1 0 0 0 1 1 1 0
(467) 0 1 0 0 1 0 0 1 0 0 0 0
(468) 0 1 0 0 1 0 0 1 0 0 0 1
(469) 0 1 0 0 1 0 0 1 0 0 1 0
(470) 0 1 0 0 1 0 0 1 0 0 1 1
(471) 0 1 0 0 1 0 0 1 1 0 0 0
(472) 0 1 0 0 1 0 0 1 1 0 1 0
(473) 0 1 0 0 1 0 1 0 0 0 0 0
(474) 0 1 0 0 1 0 1 0 0 0 1 0
(475) 0 1 0 0 1 0 1 0 0 1 0 0
(476) 0 1 0 0 1 0 1 0 0 1 1 0
(477) 0 1 0 0 1 0 1 0 1 0 0 0
(478) 0 1 0 0 1 0 1 0 1 0 1 0
(479) 0 1 0 0 1 0 1 0 1 1 0 0
(480) 0 1 0 0 1 0 1 0 1 1 1 0
(481) 0 1 0 0 1 0 1 1 0 0 0 0
(482) 0 1 0 0 1 0 1 1 0 0 1 0
(483) 0 1 0 0 1 1 0 0 0 0 0 0
(484) 0 1 0 0 1 1 0 0 0 0 0 1
(485) 0 1 0 0 1 1 0 0 0 0 1 0
(486) 0 1 0 0 1 1 0 0 0 0 1 1
(487) 0 1 0 0 1 1 0 0 0 1 0 0
(488) 0 1 0 0 1 1 0 0 0 1 0 1
(489) 0 1 0 0 1 1 0 0 1 0 0 0
(490) 0 1 0 0 1 1 0 0 1 0 1 0
(491) 0 1 0 0 1 1 0 0 1 1 0 0
(492) 0 1 0 0 1 1 0 1 0 0 0 0
(493) 0 1 0 0 1 1 0 1 0 0 0 1
(494) 0 1 0 0 1 1 0 1 0 0 1 0
(495) 0 1 0 0 1 1 0 1 0 0 1 1
(496) 0 1 0 0 1 1 1 0 0 0 0 0
(497) 0 1 0 0 1 1 1 0 0 0 1 0
(498) 0 1 0 0 1 1 1 0 0 1 0 0
(499) 0 1 0 0 1 1 1 1 1 0 0 0
(500) 0 1 0 0 1 1 1 1 1 0 1 0
(501) 0 1 0 1 0 0 0 0 0 0 0 0
(502) 0 1 0 1 0 0 0 0 0 0 0 1
(503) 0 1 0 1 0 0 0 0 0 0 1 0
(504) 0 1 0 1 0 0 0 0 0 0 1 1
(505) 0 1 0 1 0 0 0 0 0 1 0 0
(506) 0 1 0 1 0 0 0 0 0 1 0 1
(507) 0 1 0 1 0 0 0 0 0 1 1 0
(508) 0 1 0 1 0 0 0 0 0 1 1 1
(509) 0 1 0 1 0 0 0 0 1 0 0 0
(510) 0 1 0 1 0 0 0 0 1 0 0 1
(511) 0 1 0 1 0 0 0 0 1 0 1 0
(512) 0 1 0 1 0 0 0 0 1 1 0 0
(513) 0 1 0 1 0 0 0 0 1 1 0 1
(514) 0 1 0 1 0 0 0 0 1 1 1 0
(515) 0 1 0 1 0 0 0 1 0 0 0 0
(516) 0 1 0 1 0 0 0 1 0 0 0 1
(517) 0 1 0 1 0 0 0 1 0 0 1 0
(518) 0 1 0 1 0 0 0 1 0 0 1 1
(519) 0 1 0 1 0 0 0 1 1 0 0 0
(520) 0 1 0 1 0 0 0 1 1 0 0 1
(521) 0 1 0 1 0 0 0 1 1 0 1 0
(522) 0 1 0 1 0 0 1 0 0 0 0 0
(523) 0 1 0 1 0 0 1 0 0 0 1 0
(524) 0 1 0 1 0 0 1 0 0 1 0 0
(525) 0 1 0 1 0 0 1 0 0 1 1 0
(526) 0 1 0 1 0 0 1 1 0 0 0 0
(527) 0 1 0 1 0 0 1 1 0 0 1 0
(528) 0 1 0 1 0 1 0 0 0 0 0 0
(529) 0 1 0 1 0 1 0 0 0 0 0 1
(530) 0 1 0 1 0 1 0 0 0 0 1 0
(531) 0 1 0 1 0 1 0 0 0 0 1 1
(532) 0 1 0 1 0 1 0 0 0 1 0 0
(533) 0 1 0 1 0 1 0 0 0 1 0 1
(534) 0 1 0 1 0 1 0 0 1 0 0 0
(535) 0 1 0 1 0 1 0 0 1 0 0 1
(536) 0 1 0 1 0 1 0 0 1 0 1 0
(537) 0 1 0 1 0 1 0 0 1 1 0 0
(538) 0 1 0 1 0 1 0 0 1 1 0 1
(539) 0 1 0 1 0 1 1 0 0 0 0 0
(540) 0 1 0 1 0 1 1 0 0 0 1 0
(541) 0 1 0 1 0 1 1 0 0 1 0 0
(542) 0 1 0 1 1 0 0 0 0 0 0 0
(543) 0 1 0 1 1 0 0 0 0 0 1 0
(544) 0 1 0 1 1 0 0 0 0 1 0 0
(545) 0 1 0 1 1 0 0 0 1 0 0 0
(546) 0 1 0 1 1 0 0 0 1 0 1 0
(547) 0 1 0 1 1 0 0 0 1 1 0 0
(548) 0 1 0 1 1 0 0 1 0 0 0 0
(549) 0 1 0 1 1 0 0 1 0 0 1 0
(550) 0 1 0 1 1 0 0 1 1 0 0 0
(551) 0 1 0 1 1 0 0 1 1 0 1 0
(552) 0 1 0 1 1 0 1 0 0 0 0 1
(553) 0 1 0 1 1 0 1 0 0 0 1 1
(554) 0 1 0 1 1 0 1 0 0 1 0 1
(555) 0 1 0 1 1 0 1 1 0 0 0 1
(556) 0 1 0 1 1 0 1 1 0 0 1 1
(557) 0 1 0 1 1 1 0 0 0 0 0 0
(558) 0 1 0 1 1 1 0 0 0 1 1 0
(559) 0 1 0 1 1 1 0 0 1 0 0 0
(560) 0 1 0 1 1 1 0 0 1 1 1 0
(561) 0 1 0 1 1 1 1 0 0 0 0 1
(562) 0 1 0 1 1 1 1 0 0 1 1 1
(563) 0 1 1 0 0 0 0 0 0 0 0 0
(564) 0 1 1 0 0 0 0 0 0 0 0 1
(565) 0 1 1 0 0 0 0 0 0 0 1 0
(566) 0 1 1 0 0 0 0 0 1 0 0 0
(567) 0 1 1 0 0 0 0 0 1 0 1 1
(568) 0 1 1 0 0 0 0 1 0 1 0 0
(569) 0 1 1 0 0 0 0 1 0 1 0 1
(570) 0 1 1 0 0 0 0 1 0 1 1 0
(571) 0 1 1 0 0 0 0 1 1 1 0 0
(572) 0 1 1 0 0 0 0 1 1 1 1 1
(573) 0 1 1 0 0 0 1 0 0 0 0 0
(574) 0 1 1 0 0 0 1 0 0 0 0 1
(575) 0 1 1 0 0 0 1 0 0 0 1 0
(576) 0 1 1 0 0 0 1 0 1 0 0 0
(577) 0 1 1 0 0 0 1 0 1 0 1 1
(578) 0 1 1 0 0 0 1 1 0 1 0 0
(579) 0 1 1 0 0 0 1 1 0 1 0 1
(580) 0 1 1 0 0 0 1 1 0 1 1 0
(581) 0 1 1 0 0 1 0 0 0 0 0 0
(582) 0 1 1 0 0 1 0 0 0 0 0 1
(583) 0 1 1 0 0 1 0 0 0 0 1 0
(584) 0 1 1 0 0 1 0 0 1 0 0 0
(585) 0 1 1 0 0 1 0 0 1 0 1 1
(586) 0 1 1 0 0 1 0 1 0 1 0 0
(587) 0 1 1 0 0 1 0 1 0 1 0 1
(588) 0 1 1 0 0 1 0 1 0 1 1 0
(589) 0 1 1 0 0 1 1 0 0 0 0 0
(590) 0 1 1 0 0 1 1 0 0 0 0 1
(591) 0 1 1 0 0 1 1 0 0 0 1 0
(592) 0 1 1 0 0 1 1 1 1 1 0 0
(593) 0 1 1 0 0 1 1 1 1 1 1 1
(594) 0 1 1 0 1 0 0 0 0 0 0 0
(595) 0 1 1 0 1 0 0 0 0 0 0 1
(596) 0 1 1 0 1 0 0 0 1 0 0 0
(597) 0 1 1 0 1 0 0 1 0 1 0 0
(598) 0 1 1 0 1 0 0 1 0 1 0 1
(599) 0 1 1 0 1 0 0 1 1 1 0 0
(600) 0 1 1 0 1 0 1 0 0 0 0 0
(601) 0 1 1 0 1 0 1 0 1 0 0 0
(602) 0 1 1 0 1 0 1 1 0 1 0 0
(603) 0 1 1 0 1 1 0 0 0 0 0 0
(604) 0 1 1 0 1 1 0 0 0 0 0 1
(605) 0 1 1 0 1 1 0 0 1 0 0 0
(606) 0 1 1 0 1 1 0 1 0 1 0 0
(607) 0 1 1 0 1 1 0 1 0 1 0 1
(608) 0 1 1 0 1 1 1 0 0 0 0 0
(609) 0 1 1 0 1 1 1 1 1 1 0 0
(610) 0 1 1 1 0 0 0 0 0 0 0 0
(611) 0 1 1 1 0 0 0 0 0 0 0 1
(612) 0 1 1 1 0 0 0 0 0 0 1 0
(613) 0 1 1 1 0 0 0 0 1 0 0 0
(614) 0 1 1 1 0 0 0 0 1 0 1 1
(615) 0 1 1 1 0 0 0 1 0 1 0 0
(616) 0 1 1 1 0 0 0 1 0 1 0 1
(617) 0 1 1 1 0 0 0 1 0 1 1 0
(618) 0 1 1 1 0 0 0 1 1 1 0 0
(619) 0 1 1 1 0 0 0 1 1 1 1 1
(620) 0 1 1 1 0 0 1 0 0 0 0 0
(621) 0 1 1 1 0 0 1 0 0 0 1 0
(622) 0 1 1 1 0 0 1 1 0 1 0 0
(623) 0 1 1 1 0 0 1 1 0 1 1 0
(624) 0 1 1 1 0 1 0 0 0 0 0 0
(625) 0 1 1 1 0 1 0 0 0 0 0 1
(626) 0 1 1 1 0 1 0 0 0 0 1 0
(627) 0 1 1 1 0 1 0 0 1 0 0 0
(628) 0 1 1 1 0 1 0 0 1 0 1 1
(629) 0 1 1 1 0 1 1 0 0 0 0 0
(630) 0 1 1 1 0 1 1 0 0 0 1 0
(631) 0 1 1 1 1 0 0 0 0 0 0 0
(632) 0 1 1 1 1 0 0 0 1 0 0 0
(633) 0 1 1 1 1 0 0 1 0 1 0 0
(634) 0 1 1 1 1 0 0 1 1 1 0 0
(635) 0 1 1 1 1 0 1 0 0 0 0 1
(636) 0 1 1 1 1 0 1 1 0 1 0 1
(637) 0 1 1 1 1 1 0 0 0 0 0 0
(638) 0 1 1 1 1 1 0 0 1 0 0 0
(639) 0 1 1 1 1 1 1 0 0 0 0 1
(640) 1 0 0 0 0 0 0 0 0 0 0 0
(641) 1 0 0 0 0 0 0 0 0 0 0 1
(642) 1 0 0 0 0 0 0 0 0 0 1 0
(643) 1 0 0 0 0 0 0 0 0 0 1 1
(644) 1 0 0 0 0 0 0 0 0 1 0 0
(645) 1 0 0 0 0 0 0 0 0 1 0 1
(646) 1 0 0 0 0 0 0 0 0 1 1 0
(647) 1 0 0 0 0 0 0 0 0 1 1 1
(648) 1 0 0 0 0 0 0 0 1 0 0 0
(649) 1 0 0 0 0 0 0 0 1 0 0 1
(650) 1 0 0 0 0 0 0 0 1 0 1 0
(651) 1 0 0 0 0 0 0 0 1 0 1 1
(652) 1 0 0 0 0 0 0 0 1 1 0 0
(653) 1 0 0 0 0 0 0 0 1 1 0 1
(654) 1 0 0 0 0 0 0 0 1 1 1 0
(655) 1 0 0 0 0 0 0 1 0 0 0 0
(656) 1 0 0 0 0 0 0 1 0 0 0 1
(657) 1 0 0 0 0 0 0 1 0 0 1 0
(658) 1 0 0 0 0 0 0 1 0 0 1 1
(659) 1 0 0 0 0 0 0 1 0 1 0 0
(660) 1 0 0 0 0 0 0 1 0 1 0 1
(661) 1 0 0 0 0 0 0 1 0 1 1 0
(662) 1 0 0 0 0 0 0 1 1 0 0 0
(663) 1 0 0 0 0 0 0 1 1 0 0 1
(664) 1 0 0 0 0 0 0 1 1 0 1 0
(665) 1 0 0 0 0 0 0 1 1 1 0 0
(666) 1 0 0 0 0 0 0 1 1 1 1 1
(667) 1 0 0 0 0 0 1 0 0 0 0 0
(668) 1 0 0 0 0 0 1 0 0 0 0 1
(669) 1 0 0 0 0 0 1 0 0 0 1 0
(670) 1 0 0 0 0 0 1 0 0 0 1 1
(671) 1 0 0 0 0 0 1 0 0 1 0 0
(672) 1 0 0 0 0 0 1 0 0 1 0 1
(673) 1 0 0 0 0 0 1 0 0 1 1 0
(674) 1 0 0 0 0 0 1 0 1 0 0 0
(675) 1 0 0 0 0 0 1 0 1 0 0 1
(676) 1 0 0 0 0 0 1 0 1 0 1 0
(677) 1 0 0 0 0 0 1 0 1 0 1 1
(678) 1 0 0 0 0 0 1 0 1 1 0 0
(679) 1 0 0 0 0 0 1 0 1 1 0 1
(680) 1 0 0 0 0 0 1 0 1 1 1 0
(681) 1 0 0 0 0 0 1 1 0 0 0 0
(682) 1 0 0 0 0 0 1 1 0 0 0 1
(683) 1 0 0 0 0 0 1 1 0 0 1 0
(684) 1 0 0 0 0 0 1 1 0 0 1 1
(685) 1 0 0 0 0 0 1 1 0 1 0 0
(686) 1 0 0 0 0 0 1 1 0 1 0 1
(687) 1 0 0 0 0 0 1 1 0 1 1 0
(688) 1 0 0 0 0 1 0 0 0 0 0 0
(689) 1 0 0 0 0 1 0 0 0 0 0 1
(690) 1 0 0 0 0 1 0 0 0 0 1 0
(691) 1 0 0 0 0 1 0 0 0 0 1 1
(692) 1 0 0 0 0 1 0 0 0 1 0 0
(693) 1 0 0 0 0 1 0 0 0 1 0 1
(694) 1 0 0 0 0 1 0 0 0 1 1 0
(695) 1 0 0 0 0 1 0 0 1 0 0 0
(696) 1 0 0 0 0 1 0 0 1 0 0 1
(697) 1 0 0 0 0 1 0 0 1 0 1 0
(698) 1 0 0 0 0 1 0 0 1 0 1 1
(699) 1 0 0 0 0 1 0 0 1 1 0 0
(700) 1 0 0 0 0 1 0 0 1 1 0 1
(701) 1 0 0 0 0 1 0 0 1 1 1 0
(702) 1 0 0 0 0 1 0 1 0 0 0 0
(703) 1 0 0 0 0 1 0 1 0 0 0 1
(704) 1 0 0 0 0 1 0 1 0 0 1 0
(705) 1 0 0 0 0 1 0 1 0 0 1 1
(706) 1 0 0 0 0 1 0 1 0 1 0 0
(707) 1 0 0 0 0 1 0 1 0 1 0 1
(708) 1 0 0 0 0 1 0 1 0 1 1 0
(709) 1 0 0 0 0 1 1 0 0 0 0 0
(710) 1 0 0 0 0 1 1 0 0 0 0 1
(711) 1 0 0 0 0 1 1 0 0 0 1 0
(712) 1 0 0 0 0 1 1 0 0 1 0 0
(713) 1 0 0 0 0 1 1 0 0 1 1 1
(714) 1 0 0 0 0 1 1 1 1 0 0 0
(715) 1 0 0 0 0 1 1 1 1 0 0 1
(716) 1 0 0 0 0 1 1 1 1 0 1 0
(717) 1 0 0 0 0 1 1 1 1 1 0 0
(718) 1 0 0 0 0 1 1 1 1 1 1 1
(719) 1 0 0 0 1 0 0 0 0 0 0 0
(720) 1 0 0 0 1 0 0 0 0 0 0 1
(721) 1 0 0 0 1 0 0 0 0 1 0 0
(722) 1 0 0 0 1 0 0 0 0 1 0 1
(723) 1 0 0 0 1 0 0 0 1 0 0 0
(724) 1 0 0 0 1 0 0 0 1 1 0 0
(725) 1 0 0 0 1 0 0 1 0 0 0 0
(726) 1 0 0 0 1 0 0 1 0 0 0 1
(727) 1 0 0 0 1 0 0 1 0 1 0 0
(728) 1 0 0 0 1 0 0 1 0 1 0 1
(729) 1 0 0 0 1 0 0 1 1 0 0 0
(730) 1 0 0 0 1 0 0 1 1 1 0 0
(731) 1 0 0 0 1 0 1 0 0 0 0 0
(732) 1 0 0 0 1 0 1 0 0 1 0 0
(733) 1 0 0 0 1 0 1 0 1 0 0 0
(734) 1 0 0 0 1 0 1 0 1 1 0 0
(735) 1 0 0 0 1 0 1 1 0 0 0 0
(736) 1 0 0 0 1 0 1 1 0 1 0 0
(737) 1 0 0 0 1 1 0 0 0 0 0 0
(738) 1 0 0 0 1 1 0 0 0 0 0 1
(739) 1 0 0 0 1 1 0 0 0 1 0 0
(740) 1 0 0 0 1 1 0 0 0 1 0 1
(741) 1 0 0 0 1 1 0 0 1 0 0 0
(742) 1 0 0 0 1 1 0 0 1 1 0 0
(743) 1 0 0 0 1 1 0 1 0 0 0 0
(744) 1 0 0 0 1 1 0 1 0 0 0 1
(745) 1 0 0 0 1 1 0 1 0 1 0 0
(746) 1 0 0 0 1 1 0 1 0 1 0 1
(747) 1 0 0 0 1 1 1 0 0 0 0 0
(748) 1 0 0 0 1 1 1 0 0 1 0 0
(749) 1 0 0 0 1 1 1 1 1 0 0 0
(750) 1 0 0 0 1 1 1 1 1 1 0 0
(751) 1 0 0 1 0 0 0 0 0 0 0 0
(752) 1 0 0 1 0 0 0 0 0 0 0 1
(753) 1 0 0 1 0 0 0 0 0 0 1 0
(754) 1 0 0 1 0 0 0 0 0 0 1 1
(755) 1 0 0 1 0 0 0 0 0 1 0 0
(756) 1 0 0 1 0 0 0 0 0 1 0 1
(757) 1 0 0 1 0 0 0 0 0 1 1 0
(758) 1 0 0 1 0 0 0 0 0 1 1 1
(759) 1 0 0 1 0 0 0 0 1 0 0 0
(760) 1 0 0 1 0 0 0 0 1 0 0 1
(761) 1 0 0 1 0 0 0 0 1 0 1 0
(762) 1 0 0 1 0 0 0 0 1 0 1 1
(763) 1 0 0 1 0 0 0 0 1 1 0 0
(764) 1 0 0 1 0 0 0 0 1 1 0 1
(765) 1 0 0 1 0 0 0 0 1 1 1 0
(766) 1 0 0 1 0 0 0 1 0 0 0 0
(767) 1 0 0 1 0 0 0 1 0 0 0 1
(768) 1 0 0 1 0 0 0 1 0 0 1 0
(769) 1 0 0 1 0 0 0 1 0 0 1 1
(770) 1 0 0 1 0 0 0 1 0 1 0 0
(771) 1 0 0 1 0 0 0 1 0 1 0 1
(772) 1 0 0 1 0 0 0 1 0 1 1 0
(773) 1 0 0 1 0 0 0 1 1 0 0 0
(774) 1 0 0 1 0 0 0 1 1 0 0 1
(775) 1 0 0 1 0 0 0 1 1 0 1 0
(776) 1 0 0 1 0 0 0 1 1 1 0 0
(777) 1 0 0 1 0 0 0 1 1 1 1 1
(778) 1 0 0 1 0 0 1 0 0 0 0 0
(779) 1 0 0 1 0 0 1 0 0 0 1 0
(780) 1 0 0 1 0 0 1 0 0 1 0 0
(781) 1 0 0 1 0 0 1 0 0 1 1 0
(782) 1 0 0 1 0 0 1 1 0 0 0 0
(783) 1 0 0 1 0 0 1 1 0 0 1 0
(784) 1 0 0 1 0 0 1 1 0 1 0 0
(785) 1 0 0 1 0 0 1 1 0 1 1 0
(786) 1 0 0 1 0 1 0 0 0 0 0 0
(787) 1 0 0 1 0 1 0 0 0 0 0 1
(788) 1 0 0 1 0 1 0 0 0 0 1 0
(789) 1 0 0 1 0 1 0 0 0 0 1 1
(790) 1 0 0 1 0 1 0 0 1 0 0 0
(791) 1 0 0 1 0 1 0 0 1 0 0 1
(792) 1 0 0 1 0 1 0 0 1 0 1 0
(793) 1 0 0 1 0 1 0 0 1 0 1 1
(794) 1 0 0 1 0 1 1 0 0 0 0 0
(795) 1 0 0 1 0 1 1 0 0 0 1 0
(796) 1 0 0 1 1 0 0 0 0 0 0 0
(797) 1 0 0 1 1 0 0 0 0 1 0 0
(798) 1 0 0 1 1 0 0 0 1 0 0 0
(799) 1 0 0 1 1 0 0 0 1 1 0 0
(800) 1 0 0 1 1 0 0 1 0 0 0 0
(801) 1 0 0 1 1 0 0 1 0 1 0 0
(802) 1 0 0 1 1 0 0 1 1 0 0 0
(803) 1 0 0 1 1 0 0 1 1 1 0 0
(804) 1 0 0 1 1 0 1 0 0 0 0 1
(805) 1 0 0 1 1 0 1 0 0 1 0 1
(806) 1 0 0 1 1 0 1 1 0 0 0 1
(807) 1 0 0 1 1 0 1 1 0 1 0 1
(808) 1 0 0 1 1 1 0 0 0 0 0 0
(809) 1 0 0 1 1 1 0 0 1 0 0 0
(810) 1 0 0 1 1 1 1 0 0 0 0 1
(811) 1 0 1 0 0 0 0 0 0 0 0 0
(812) 1 0 1 0 0 0 0 0 0 0 0 1
(813) 1 0 1 0 0 0 0 0 0 1 0 0
(814) 1 0 1 0 0 0 0 0 0 1 0 1
(815) 1 0 1 0 0 0 0 0 1 0 0 0
(816) 1 0 1 0 0 0 0 0 1 0 0 1
(817) 1 0 1 0 0 0 0 0 1 1 0 0
(818) 1 0 1 0 0 0 0 0 1 1 0 1
(819) 1 0 1 0 0 0 0 1 0 0 0 0
(820) 1 0 1 0 0 0 0 1 0 0 0 1
(821) 1 0 1 0 0 0 0 1 1 0 0 0
(822) 1 0 1 0 0 0 0 1 1 0 0 1
(823) 1 0 1 0 0 0 1 0 0 0 0 0
(824) 1 0 1 0 0 0 1 0 0 0 0 1
(825) 1 0 1 0 0 0 1 0 0 1 0 0
(826) 1 0 1 0 0 0 1 0 0 1 0 1
(827) 1 0 1 0 0 0 1 0 1 0 0 0
(828) 1 0 1 0 0 0 1 0 1 0 0 1
(829) 1 0 1 0 0 0 1 0 1 1 0 0
(830) 1 0 1 0 0 0 1 0 1 1 0 1
(831) 1 0 1 0 0 0 1 1 0 0 0 0
(832) 1 0 1 0 0 0 1 1 0 0 0 1
(833) 1 0 1 0 0 1 0 0 0 0 0 0
(834) 1 0 1 0 0 1 0 0 0 0 0 1
(835) 1 0 1 0 0 1 0 0 1 0 0 0
(836) 1 0 1 0 0 1 0 0 1 0 0 1
(837) 1 0 1 0 0 1 0 1 0 0 0 0
(838) 1 0 1 0 0 1 0 1 0 0 0 1
(839) 1 0 1 0 0 1 1 0 0 0 0 0
(840) 1 0 1 0 0 1 1 0 0 0 0 1
(841) 1 0 1 0 0 1 1 1 1 0 0 0
(842) 1 0 1 0 0 1 1 1 1 0 0 1
(843) 1 0 1 0 1 0 0 0 0 0 1 0
(844) 1 0 1 0 1 0 0 0 0 0 1 1
(845) 1 0 1 0 1 0 0 0 0 1 1 0
(846) 1 0 1 0 1 0 0 0 0 1 1 1
(847) 1 0 1 0 1 0 0 0 1 0 1 0
(848) 1 0 1 0 1 0 0 0 1 1 1 0
(849) 1 0 1 0 1 0 0 1 0 0 1 0
(850) 1 0 1 0 1 0 0 1 0 0 1 1
(851) 1 0 1 0 1 0 0 1 1 0 1 0
(852) 1 0 1 0 1 0 1 0 0 0 1 0
(853) 1 0 1 0 1 0 1 0 0 1 1 0
(854) 1 0 1 0 1 0 1 0 1 0 1 0
(855) 1 0 1 0 1 0 1 0 1 1 1 0
(856) 1 0 1 0 1 0 1 1 0 0 1 0
(857) 1 0 1 0 1 1 0 0 0 0 1 0
(858) 1 0 1 0 1 1 0 0 0 0 1 1
(859) 1 0 1 0 1 1 0 0 1 0 1 0
(860) 1 0 1 0 1 1 0 1 0 0 1 0
(861) 1 0 1 0 1 1 0 1 0 0 1 1
(862) 1 0 1 0 1 1 1 0 0 0 1 0
(863) 1 0 1 0 1 1 1 1 1 0 1 0
(864) 1 0 1 1 0 0 0 0 0 0 0 0
(865) 1 0 1 1 0 0 0 0 0 0 0 1
(866) 1 0 1 1 0 0 0 0 1 0 0 0
(867) 1 0 1 1 0 0 0 0 1 0 0 1
(868) 1 0 1 1 0 0 0 1 0 0 0 0
(869) 1 0 1 1 0 0 0 1 0 0 0 1
(870) 1 0 1 1 0 0 0 1 1 0 0 0
(871) 1 0 1 1 0 0 0 1 1 0 0 1
(872) 1 0 1 1 0 0 1 0 0 0 0 0
(873) 1 0 1 1 0 0 1 1 0 0 0 0
(874) 1 0 1 1 0 1 0 0 0 1 0 0
(875) 1 0 1 1 0 1 0 0 0 1 0 1
(876) 1 0 1 1 0 1 0 0 1 1 0 0
(877) 1 0 1 1 0 1 0 0 1 1 0 1
(878) 1 0 1 1 0 1 1 0 0 1 0 0
(879) 1 0 1 1 1 0 0 0 0 0 1 0
(880) 1 0 1 1 1 0 0 0 1 0 1 0
(881) 1 0 1 1 1 0 0 1 0 0 1 0
(882) 1 0 1 1 1 0 0 1 1 0 1 0
(883) 1 0 1 1 1 0 1 0 0 0 1 1
(884) 1 0 1 1 1 0 1 1 0 0 1 1
(885) 1 0 1 1 1 1 0 0 0 1 1 0
(886) 1 0 1 1 1 1 0 0 1 1 1 0
(887) 1 0 1 1 1 1 1 0 0 1 1 1
(888) 1 1 0 0 0 0 0 0 0 0 0 0
(889) 1 1 0 0 0 0 0 0 0 0 0 1
(890) 1 1 0 0 0 0 0 0 0 0 1 0
(891) 1 1 0 0 0 0 0 0 0 0 1 1
(892) 1 1 0 0 0 0 0 0 0 1 0 0
(893) 1 1 0 0 0 0 0 0 0 1 0 1
(894) 1 1 0 0 0 0 0 0 0 1 1 0
(895) 1 1 0 0 0 0 0 0 0 1 1 1
(896) 1 1 0 0 0 0 0 0 1 0 0 0
(897) 1 1 0 0 0 0 0 0 1 0 1 0
(898) 1 1 0 0 0 0 0 0 1 1 0 0
(899) 1 1 0 0 0 0 0 0 1 1 1 0
(900) 1 1 0 0 0 0 0 1 0 0 0 0
(901) 1 1 0 0 0 0 0 1 0 0 0 1
(902) 1 1 0 0 0 0 0 1 0 0 1 0
(903) 1 1 0 0 0 0 0 1 0 0 1 1
(904) 1 1 0 0 0 0 0 1 1 0 0 0
(905) 1 1 0 0 0 0 0 1 1 0 1 0
(906) 1 1 0 0 0 0 1 0 0 0 0 0
(907) 1 1 0 0 0 0 1 0 0 0 0 1
(908) 1 1 0 0 0 0 1 0 0 0 1 0
(909) 1 1 0 0 0 0 1 0 0 0 1 1
(910) 1 1 0 0 0 0 1 0 0 1 0 0
(911) 1 1 0 0 0 0 1 0 0 1 0 1
(912) 1 1 0 0 0 0 1 0 0 1 1 0
(913) 1 1 0 0 0 0 1 1 0 0 0 0
(914) 1 1 0 0 0 0 1 1 0 0 0 1
(915) 1 1 0 0 0 0 1 1 0 0 1 0
(916) 1 1 0 0 0 0 1 1 0 0 1 1
(917) 1 1 0 0 0 1 0 0 0 0 0 0
(918) 1 1 0 0 0 1 0 0 0 0 0 1
(919) 1 1 0 0 0 1 0 0 0 0 1 0
(920) 1 1 0 0 0 1 0 0 0 0 1 1
(921) 1 1 0 0 0 1 0 0 0 1 0 0
(922) 1 1 0 0 0 1 0 0 0 1 0 1
(923) 1 1 0 0 0 1 0 0 0 1 1 0
(924) 1 1 0 0 0 1 0 0 1 0 0 0
(925) 1 1 0 0 0 1 0 0 1 0 1 0
(926) 1 1 0 0 0 1 0 0 1 1 0 0
(927) 1 1 0 0 0 1 0 0 1 1 1 0
(928) 1 1 0 0 0 1 1 0 0 0 0 0
(929) 1 1 0 0 0 1 1 0 0 0 0 1
(930) 1 1 0 0 0 1 1 0 0 0 1 0
(931) 1 1 0 0 0 1 1 0 0 1 0 0
(932) 1 1 0 0 0 1 1 0 0 1 1 1
(933) 1 1 0 0 1 0 0 0 0 0 0 0
(934) 1 1 0 0 1 0 0 0 0 1 0 0
(935) 1 1 0 0 1 0 0 0 1 0 0 1
(936) 1 1 0 0 1 0 0 0 1 1 0 1
(937) 1 1 0 0 1 0 0 1 0 0 0 0
(938) 1 1 0 0 1 0 0 1 1 0 0 1
(939) 1 1 0 0 1 0 1 0 0 0 0 0
(940) 1 1 0 0 1 0 1 0 0 1 0 0
(941) 1 1 0 0 1 0 1 1 0 0 0 0
(942) 1 1 0 0 1 1 0 0 0 0 0 0
(943) 1 1 0 0 1 1 0 0 0 1 0 0
(944) 1 1 0 0 1 1 0 0 1 0 0 1
(945) 1 1 0 0 1 1 0 0 1 1 0 1
(946) 1 1 0 0 1 1 1 0 0 0 0 0
(947) 1 1 0 0 1 1 1 0 0 1 0 0
(948) 1 1 0 1 0 0 0 0 0 0 0 0
(949) 1 1 0 1 0 0 0 0 0 0 0 1
(950) 1 1 0 1 0 0 0 0 0 0 1 0
(951) 1 1 0 1 0 0 0 0 0 0 1 1
(952) 1 1 0 1 0 0 0 0 0 1 0 0
(953) 1 1 0 1 0 0 0 0 0 1 0 1
(954) 1 1 0 1 0 0 0 0 0 1 1 0
(955) 1 1 0 1 0 0 0 0 0 1 1 1
(956) 1 1 0 1 0 0 1 0 1 0 0 0
(957) 1 1 0 1 0 0 1 0 1 0 1 0
(958) 1 1 0 1 0 0 1 0 1 1 0 0
(959) 1 1 0 1 0 0 1 0 1 1 1 0
(960) 1 1 0 1 0 1 0 1 0 0 0 0
(961) 1 1 0 1 0 1 0 1 0 0 0 1
(962) 1 1 0 1 0 1 0 1 0 0 1 0
(963) 1 1 0 1 0 1 0 1 0 0 1 1
(964) 1 1 0 1 0 1 1 1 1 0 0 0
(965) 1 1 0 1 0 1 1 1 1 0 1 0
(966) 1 1 0 1 1 0 0 0 0 0 0 0
(967) 1 1 0 1 1 0 0 0 0 1 0 0
(968) 1 1 0 1 1 0 1 0 1 0 0 1
(969) 1 1 0 1 1 0 1 0 1 1 0 1
(970) 1 1 0 1 1 1 0 1 0 0 0 0
(971) 1 1 0 1 1 1 1 1 1 0 0 1
(972) 1 1 1 0 0 0 0 0 0 0 0 0
(973) 1 1 1 0 0 0 0 0 0 0 0 1
(974) 1 1 1 0 0 0 0 0 1 0 0 0
(975) 1 1 1 0 0 0 0 1 0 1 0 0
(976) 1 1 1 0 0 0 0 1 0 1 0 1
(977) 1 1 1 0 0 0 0 1 1 1 0 0
(978) 1 1 1 0 0 0 1 0 0 0 0 0
(979) 1 1 1 0 0 0 1 0 0 0 0 1
(980) 1 1 1 0 0 0 1 1 0 1 0 0
(981) 1 1 1 0 0 0 1 1 0 1 0 1
(982) 1 1 1 0 0 1 0 0 0 0 0 0
(983) 1 1 1 0 0 1 0 0 0 0 0 1
(984) 1 1 1 0 0 1 0 0 1 0 0 0
(985) 1 1 1 0 0 1 1 0 0 0 0 0
(986) 1 1 1 0 0 1 1 0 0 0 0 1
(987) 1 1 1 0 1 0 0 0 0 0 1 0
(988) 1 1 1 0 1 0 0 0 1 0 1 1
(989) 1 1 1 0 1 0 0 1 0 1 1 0
(990) 1 1 1 0 1 0 0 1 1 1 1 1
(991) 1 1 1 0 1 0 1 0 0 0 1 0
(992) 1 1 1 0 1 0 1 1 0 1 1 0
(993) 1 1 1 0 1 1 0 0 0 0 1 0
(994) 1 1 1 0 1 1 0 0 1 0 1 1
(995) 1 1 1 0 1 1 1 0 0 0 1 0
(996) 1 1 1 1 0 0 0 0 0 0 0 0
(997) 1 1 1 1 0 0 0 0 0 0 0 1
(998) 1 1 1 1 0 0 1 0 1 0 0 0
(999) 1 1 1 1 0 1 0 1 0 1 0 0
(1000) 1 1 1 1 0 1 0 1 0 1 0 1
(1001) 1 1 1 1 0 1 1 1 1 1 0 0
(1002) 1 1 1 1 1 0 0 0 0 0 1 0
(1003) 1 1 1 1 1 0 1 0 1 0 1 1
(1004) 1 1 1 1 1 1 0 1 0 1 1 0
(1005) 1 1 1 1 1 1 1 1 1 1 1 1
