Overlap label/order: [[1, 2], [1, 4], [1, 5], [2, 3], [2, 6], [3, 4], [3, 7], [4, 8], [5, 6], [5, 8], [6, 7], [7, 8]]
Cycles:  [[1, 4, 3, 2], [1, 5, 8, 4, 3, 2], [1, 5, 6, 7, 8, 4, 3, 2], [1, 5, 6, 7, 3, 2], [1, 4, 8, 7, 3, 2], [1, 5, 8, 7, 3, 2], [1, 5, 6, 2], [1, 4, 8, 5, 6, 2], [1, 4, 3, 7, 6, 2], [1, 4, 8, 7, 6, 2], [1, 5, 8, 7, 6, 2], [1, 5, 6, 2, 3, 4], [1, 5, 6, 7, 3, 4], [1, 5, 8, 7, 3, 4], [1, 5, 8, 4], [1, 5, 6, 7, 8, 4], [2, 6, 5, 8, 4, 3], [2, 6, 7, 8, 4, 3], [2, 6, 7, 3], [2, 6, 5, 8, 7, 3], [3, 4, 8, 5, 6, 7], [3, 4, 8, 7], [5, 8, 7, 6]]
Dimension:  12
(1) 0 0 0 0 0 0 0 0 0 0 0 0
(2) 0 0 0 0 0 0 0 0 0 0 0 1
(3) 0 0 0 0 0 0 0 0 0 0 1 0
(4) 0 0 0 0 0 0 0 0 0 0 1 1
(5) 0 0 0 0 0 0 0 0 0 1 0 0
(6) 0 0 0 0 0 0 0 0 0 1 0 1
(7) 0 0 0 0 0 0 0 0 0 1 1 0
(8) 0 0 0 0 0 0 0 0 1 0 0 0
(9) 0 0 0 0 0 0 0 0 1 0 0 1
(10) 0 0 0 0 0 0 0 0 1 0 1 0
(11) 0 0 0 0 0 0 0 0 1 1 0 0
(12) 0 0 0 0 0 0 0 0 1 1 1 1
(13) 0 0 0 0 0 0 0 1 0 0 0 0
(14) 0 0 0 0 0 0 0 1 0 0 0 1
(15) 0 0 0 0 0 0 0 1 0 0 1 0
(16) 0 0 0 0 0 0 0 1 0 0 1 1
(17) 0 0 0 0 0 0 0 1 0 1 0 0
(18) 0 0 0 0 0 0 0 1 0 1 0 1
(19) 0 0 0 0 0 0 0 1 0 1 1 0
(20) 0 0 0 0 0 0 0 1 1 0 0 0
(21) 0 0 0 0 0 0 0 1 1 0 0 1
(22) 0 0 0 0 0 0 0 1 1 0 1 0
(23) 0 0 0 0 0 0 0 1 1 1 0 0
(24) 0 0 0 0 0 0 0 1 1 1 1 1
(25) 0 0 0 0 0 0 1 0 0 0 0 0
(26) 0 0 0 0 0 0 1 0 0 0 0 1
(27) 0 0 0 0 0 0 1 0 0 0 1 0
(28) 0 0 0 0 0 0 1 0 0 0 1 1
(29) 0 0 0 0 0 0 1 0 0 1 0 0
(30) 0 0 0 0 0 0 1 0 0 1 0 1
(31) 0 0 0 0 0 0 1 0 0 1 1 0
(32) 0 0 0 0 0 0 1 0 1 0 0 0
(33) 0 0 0 0 0 0 1 0 1 0 0 1
(34) 0 0 0 0 0 0 1 0 1 0 1 0
(35) 0 0 0 0 0 0 1 0 1 1 0 0
(36) 0 0 0 0 0 0 1 0 1 1 1 1
(37) 0 0 0 0 0 0 1 1 0 0 0 0
(38) 0 0 0 0 0 0 1 1 0 0 1 0
(39) 0 0 0 0 0 0 1 1 0 1 0 0
(40) 0 0 0 0 0 0 1 1 0 1 1 0
(41) 0 0 0 0 0 0 1 1 1 0 0 0
(42) 0 0 0 0 0 0 1 1 1 0 1 0
(43) 0 0 0 0 0 0 1 1 1 1 0 0
(44) 0 0 0 0 0 1 0 0 0 0 0 0
(45) 0 0 0 0 0 1 0 0 0 0 0 1
(46) 0 0 0 0 0 1 0 0 0 0 1 0
(47) 0 0 0 0 0 1 0 0 0 0 1 1
(48) 0 0 0 0 0 1 0 0 0 1 0 0
(49) 0 0 0 0 0 1 0 0 0 1 0 1
(50) 0 0 0 0 0 1 0 0 0 1 1 0
(51) 0 0 0 0 0 1 0 0 1 0 0 0
(52) 0 0 0 0 0 1 0 0 1 0 0 1
(53) 0 0 0 0 0 1 0 0 1 0 1 0
(54) 0 0 0 0 0 1 0 0 1 1 0 0
(55) 0 0 0 0 0 1 0 0 1 1 1 1
(56) 0 0 0 0 0 1 0 1 0 0 0 0
(57) 0 0 0 0 0 1 0 1 0 0 1 0
(58) 0 0 0 0 0 1 0 1 0 1 0 0
(59) 0 0 0 0 0 1 0 1 0 1 1 0
(60) 0 0 0 0 0 1 0 1 1 0 0 0
(61) 0 0 0 0 0 1 0 1 1 0 1 0
(62) 0 0 0 0 0 1 0 1 1 1 0 0
(63) 0 0 0 0 0 1 1 0 0 0 0 0
(64) 0 0 0 0 0 1 1 0 0 0 1 0
(65) 0 0 0 0 0 1 1 0 0 1 0 0
(66) 0 0 0 0 0 1 1 0 0 1 1 0
(67) 0 0 0 0 0 1 1 0 1 0 0 0
(68) 0 0 0 0 0 1 1 0 1 0 1 0
(69) 0 0 0 0 0 1 1 0 1 1 0 0
(70) 0 0 0 0 0 1 1 1 0 0 0 1
(71) 0 0 0 0 0 1 1 1 0 0 1 1
(72) 0 0 0 0 0 1 1 1 0 1 0 1
(73) 0 0 0 0 0 1 1 1 1 0 0 1
(74) 0 0 0 0 0 1 1 1 1 1 1 1
(75) 0 0 0 0 1 0 0 0 0 0 0 0
(76) 0 0 0 0 1 0 0 0 0 0 0 1
(77) 0 0 0 0 1 0 0 0 0 0 1 0
(78) 0 0 0 0 1 0 0 0 0 0 1 1
(79) 0 0 0 0 1 0 0 0 0 1 0 0
(80) 0 0 0 0 1 0 0 0 0 1 0 1
(81) 0 0 0 0 1 0 0 0 0 1 1 0
(82) 0 0 0 0 1 0 0 0 1 0 0 0
(83) 0 0 0 0 1 0 0 0 1 0 0 1
(84) 0 0 0 0 1 0 0 0 1 0 1 0
(85) 0 0 0 0 1 0 0 0 1 1 0 0
(86) 0 0 0 0 1 0 0 0 1 1 1 1
(87) 0 0 0 0 1 0 0 1 0 0 0 0
(88) 0 0 0 0 1 0 0 1 0 0 0 1
(89) 0 0 0 0 1 0 0 1 0 0 1 0
(90) 0 0 0 0 1 0 0 1 0 0 1 1
(91) 0 0 0 0 1 0 0 1 0 1 0 0
(92) 0 0 0 0 1 0 0 1 0 1 0 1
(93) 0 0 0 0 1 0 0 1 0 1 1 0
(94) 0 0 0 0 1 0 0 1 1 0 0 0
(95) 0 0 0 0 1 0 0 1 1 0 0 1
(96) 0 0 0 0 1 0 0 1 1 0 1 0
(97) 0 0 0 0 1 0 0 1 1 1 0 0
(98) 0 0 0 0 1 0 0 1 1 1 1 1
(99) 0 0 0 0 1 0 1 0 0 0 0 0
(100) 0 0 0 0 1 0 1 0 0 0 0 1
(101) 0 0 0 0 1 0 1 0 0 1 0 0
(102) 0 0 0 0 1 0 1 0 0 1 0 1
(103) 0 0 0 0 1 0 1 0 1 0 0 0
(104) 0 0 0 0 1 0 1 0 1 0 0 1
(105) 0 0 0 0 1 0 1 0 1 1 0 0
(106) 0 0 0 0 1 0 1 1 0 0 0 0
(107) 0 0 0 0 1 0 1 1 0 1 0 0
(108) 0 0 0 0 1 0 1 1 1 0 0 0
(109) 0 0 0 0 1 0 1 1 1 1 0 0
(110) 0 0 0 0 1 1 0 0 0 0 0 0
(111) 0 0 0 0 1 1 0 0 0 0 0 1
(112) 0 0 0 0 1 1 0 0 0 0 1 0
(113) 0 0 0 0 1 1 0 0 0 0 1 1
(114) 0 0 0 0 1 1 0 0 0 1 0 0
(115) 0 0 0 0 1 1 0 0 0 1 0 1
(116) 0 0 0 0 1 1 0 0 0 1 1 0
(117) 0 0 0 0 1 1 0 0 1 0 0 0
(118) 0 0 0 0 1 1 0 0 1 0 0 1
(119) 0 0 0 0 1 1 0 0 1 0 1 0
(120) 0 0 0 0 1 1 0 0 1 1 0 0
(121) 0 0 0 0 1 1 0 0 1 1 1 1
(122) 0 0 0 0 1 1 0 1 0 0 0 0
(123) 0 0 0 0 1 1 0 1 0 0 1 0
(124) 0 0 0 0 1 1 0 1 0 1 0 0
(125) 0 0 0 0 1 1 0 1 0 1 1 0
(126) 0 0 0 0 1 1 0 1 1 0 0 0
(127) 0 0 0 0 1 1 0 1 1 0 1 0
(128) 0 0 0 0 1 1 1 0 0 0 0 0
(129) 0 0 0 0 1 1 1 0 0 1 0 0
(130) 0 0 0 0 1 1 1 0 1 0 0 0
(131) 0 0 0 0 1 1 1 0 1 1 0 0
(132) 0 0 0 0 1 1 1 1 0 0 0 1
(133) 0 0 0 0 1 1 1 1 0 1 0 1
(134) 0 0 0 0 1 1 1 1 1 0 0 1
(135) 0 0 0 1 0 0 0 0 0 0 0 0
(136) 0 0 0 1 0 0 0 0 0 0 0 1
(137) 0 0 0 1 0 0 0 0 0 0 1 0
(138) 0 0 0 1 0 0 0 0 0 0 1 1
(139) 0 0 0 1 0 0 0 0 0 1 0 0
(140) 0 0 0 1 0 0 0 0 0 1 0 1
(141) 0 0 0 1 0 0 0 0 0 1 1 0
(142) 0 0 0 1 0 0 0 0 1 0 0 0
(143) 0 0 0 1 0 0 0 0 1 0 0 1
(144) 0 0 0 1 0 0 0 0 1 0 1 0
(145) 0 0 0 1 0 0 0 0 1 1 0 0
(146) 0 0 0 1 0 0 0 0 1 1 1 1
(147) 0 0 0 1 0 0 0 1 0 0 0 0
(148) 0 0 0 1 0 0 0 1 0 0 0 1
(149) 0 0 0 1 0 0 0 1 0 0 1 0
(150) 0 0 0 1 0 0 0 1 0 0 1 1
(151) 0 0 0 1 0 0 0 1 0 1 0 0
(152) 0 0 0 1 0 0 0 1 0 1 0 1
(153) 0 0 0 1 0 0 0 1 0 1 1 0
(154) 0 0 0 1 0 0 0 1 1 0 0 0
(155) 0 0 0 1 0 0 0 1 1 0 0 1
(156) 0 0 0 1 0 0 0 1 1 0 1 0
(157) 0 0 0 1 0 0 0 1 1 1 0 0
(158) 0 0 0 1 0 0 0 1 1 1 1 1
(159) 0 0 0 1 0 0 1 0 0 0 0 0
(160) 0 0 0 1 0 0 1 0 0 0 0 1
(161) 0 0 0 1 0 0 1 0 0 1 0 0
(162) 0 0 0 1 0 0 1 0 0 1 0 1
(163) 0 0 0 1 0 0 1 0 1 0 0 0
(164) 0 0 0 1 0 0 1 0 1 0 0 1
(165) 0 0 0 1 0 0 1 0 1 1 0 0
(166) 0 0 0 1 0 0 1 1 0 0 0 0
(167) 0 0 0 1 0 0 1 1 0 1 0 0
(168) 0 0 0 1 0 0 1 1 1 0 0 0
(169) 0 0 0 1 0 0 1 1 1 1 0 0
(170) 0 0 0 1 0 1 0 0 0 0 0 0
(171) 0 0 0 1 0 1 0 0 0 0 0 1
(172) 0 0 0 1 0 1 0 0 0 0 1 0
(173) 0 0 0 1 0 1 0 0 0 0 1 1
(174) 0 0 0 1 0 1 0 0 0 1 0 0
(175) 0 0 0 1 0 1 0 0 0 1 0 1
(176) 0 0 0 1 0 1 0 0 0 1 1 0
(177) 0 0 0 1 0 1 0 0 1 0 0 0
(178) 0 0 0 1 0 1 0 0 1 0 0 1
(179) 0 0 0 1 0 1 0 0 1 0 1 0
(180) 0 0 0 1 0 1 0 0 1 1 0 0
(181) 0 0 0 1 0 1 0 0 1 1 1 1
(182) 0 0 0 1 0 1 0 1 0 0 0 0
(183) 0 0 0 1 0 1 0 1 0 0 1 0
(184) 0 0 0 1 0 1 0 1 0 1 0 0
(185) 0 0 0 1 0 1 0 1 0 1 1 0
(186) 0 0 0 1 0 1 0 1 1 0 0 0
(187) 0 0 0 1 0 1 0 1 1 0 1 0
(188) 0 0 0 1 0 1 1 0 0 0 0 0
(189) 0 0 0 1 0 1 1 0 0 1 0 0
(190) 0 0 0 1 0 1 1 0 1 0 0 0
(191) 0 0 0 1 0 1 1 0 1 1 0 0
(192) 0 0 0 1 0 1 1 1 0 0 0 1
(193) 0 0 0 1 0 1 1 1 0 1 0 1
(194) 0 0 0 1 0 1 1 1 1 0 0 1
(195) 0 0 0 1 1 0 0 0 0 0 0 0
(196) 0 0 0 1 1 0 0 0 0 0 0 1
(197) 0 0 0 1 1 0 0 0 0 1 0 0
(198) 0 0 0 1 1 0 0 0 0 1 0 1
(199) 0 0 0 1 1 0 0 0 1 0 0 0
(200) 0 0 0 1 1 0 0 0 1 0 0 1
(201) 0 0 0 1 1 0 0 0 1 1 0 0
(202) 0 0 0 1 1 0 0 1 0 0 0 0
(203) 0 0 0 1 1 0 0 1 0 0 0 1
(204) 0 0 0 1 1 0 0 1 0 1 0 0
(205) 0 0 0 1 1 0 0 1 0 1 0 1
(206) 0 0 0 1 1 0 0 1 1 0 0 0
(207) 0 0 0 1 1 0 0 1 1 0 0 1
(208) 0 0 0 1 1 0 1 0 0 0 1 0
(209) 0 0 0 1 1 0 1 0 0 0 1 1
(210) 0 0 0 1 1 0 1 0 0 1 1 0
(211) 0 0 0 1 1 0 1 0 1 0 1 0
(212) 0 0 0 1 1 0 1 0 1 1 1 1
(213) 0 0 0 1 1 0 1 1 0 0 1 0
(214) 0 0 0 1 1 0 1 1 0 1 1 0
(215) 0 0 0 1 1 0 1 1 1 0 1 0
(216) 0 0 0 1 1 1 0 0 0 0 0 0
(217) 0 0 0 1 1 1 0 0 0 0 0 1
(218) 0 0 0 1 1 1 0 0 0 1 0 0
(219) 0 0 0 1 1 1 0 0 0 1 0 1
(220) 0 0 0 1 1 1 0 0 1 0 0 0
(221) 0 0 0 1 1 1 0 0 1 0 0 1
(222) 0 0 0 1 1 1 0 1 0 0 0 0
(223) 0 0 0 1 1 1 0 1 1 1 0 0
(224) 0 0 0 1 1 1 1 0 0 0 1 0
(225) 0 0 0 1 1 1 1 0 0 1 1 0
(226) 0 0 0 1 1 1 1 0 1 0 1 0
(227) 0 0 0 1 1 1 1 1 0 0 1 1
(228) 0 0 0 1 1 1 1 1 1 1 1 1
(229) 0 0 1 0 0 0 0 0 0 0 0 0
(230) 0 0 1 0 0 0 0 0 0 0 0 1
(231) 0 0 1 0 0 0 0 0 0 0 1 0
(232) 0 0 1 0 0 0 0 0 0 0 1 1
(233) 0 0 1 0 0 0 0 0 0 1 0 0
(234) 0 0 1 0 0 0 0 0 0 1 0 1
(235) 0 0 1 0 0 0 0 0 0 1 1 0
(236) 0 0 1 0 0 0 0 0 1 0 0 0
(237) 0 0 1 0 0 0 0 0 1 0 0 1
(238) 0 0 1 0 0 0 0 0 1 0 1 0
(239) 0 0 1 0 0 0 0 0 1 1 0 0
(240) 0 0 1 0 0 0 0 0 1 1 1 1
(241) 0 0 1 0 0 0 0 1 0 0 0 0
(242) 0 0 1 0 0 0 0 1 0 0 0 1
(243) 0 0 1 0 0 0 0 1 0 0 1 0
(244) 0 0 1 0 0 0 0 1 0 0 1 1
(245) 0 0 1 0 0 0 0 1 1 0 0 0
(246) 0 0 1 0 0 0 0 1 1 0 0 1
(247) 0 0 1 0 0 0 0 1 1 0 1 0
(248) 0 0 1 0 0 0 1 0 0 0 0 0
(249) 0 0 1 0 0 0 1 0 0 0 0 1
(250) 0 0 1 0 0 0 1 0 0 0 1 0
(251) 0 0 1 0 0 0 1 0 0 0 1 1
(252) 0 0 1 0 0 0 1 0 0 1 0 0
(253) 0 0 1 0 0 0 1 0 0 1 0 1
(254) 0 0 1 0 0 0 1 0 0 1 1 0
(255) 0 0 1 0 0 0 1 0 1 0 0 0
(256) 0 0 1 0 0 0 1 0 1 0 0 1
(257) 0 0 1 0 0 0 1 0 1 0 1 0
(258) 0 0 1 0 0 0 1 0 1 1 0 0
(259) 0 0 1 0 0 0 1 0 1 1 1 1
(260) 0 0 1 0 0 0 1 1 0 0 0 0
(261) 0 0 1 0 0 0 1 1 0 0 1 0
(262) 0 0 1 0 0 0 1 1 1 0 0 0
(263) 0 0 1 0 0 0 1 1 1 0 1 0
(264) 0 0 1 0 0 1 0 0 0 0 0 0
(265) 0 0 1 0 0 1 0 0 0 0 0 1
(266) 0 0 1 0 0 1 0 0 0 0 1 0
(267) 0 0 1 0 0 1 0 0 0 0 1 1
(268) 0 0 1 0 0 1 0 0 0 1 0 0
(269) 0 0 1 0 0 1 0 0 0 1 0 1
(270) 0 0 1 0 0 1 0 0 0 1 1 0
(271) 0 0 1 0 0 1 0 0 1 0 0 0
(272) 0 0 1 0 0 1 0 0 1 0 0 1
(273) 0 0 1 0 0 1 0 0 1 0 1 0
(274) 0 0 1 0 0 1 0 0 1 1 0 0
(275) 0 0 1 0 0 1 0 0 1 1 1 1
(276) 0 0 1 0 0 1 0 1 0 0 0 0
(277) 0 0 1 0 0 1 0 1 0 0 1 0
(278) 0 0 1 0 0 1 0 1 1 0 0 0
(279) 0 0 1 0 0 1 0 1 1 0 1 0
(280) 0 0 1 0 0 1 1 0 0 0 0 0
(281) 0 0 1 0 0 1 1 0 0 0 1 0
(282) 0 0 1 0 0 1 1 0 0 1 0 0
(283) 0 0 1 0 0 1 1 0 0 1 1 0
(284) 0 0 1 0 0 1 1 0 1 0 0 0
(285) 0 0 1 0 0 1 1 0 1 1 0 0
(286) 0 0 1 0 0 1 1 1 0 0 0 1
(287) 0 0 1 0 0 1 1 1 0 0 1 1
(288) 0 0 1 0 0 1 1 1 1 0 0 1
(289) 0 0 1 0 1 0 0 0 0 0 0 0
(290) 0 0 1 0 1 0 0 0 0 0 0 1
(291) 0 0 1 0 1 0 0 0 0 0 1 0
(292) 0 0 1 0 1 0 0 0 0 0 1 1
(293) 0 0 1 0 1 0 0 0 0 1 0 0
(294) 0 0 1 0 1 0 0 0 0 1 0 1
(295) 0 0 1 0 1 0 0 0 0 1 1 0
(296) 0 0 1 0 1 0 0 1 0 0 0 0
(297) 0 0 1 0 1 0 0 1 0 0 0 1
(298) 0 0 1 0 1 0 0 1 0 0 1 0
(299) 0 0 1 0 1 0 0 1 0 0 1 1
(300) 0 0 1 0 1 0 1 0 0 0 0 0
(301) 0 0 1 0 1 0 1 0 0 0 0 1
(302) 0 0 1 0 1 0 1 0 0 1 0 0
(303) 0 0 1 0 1 0 1 0 0 1 0 1
(304) 0 0 1 0 1 0 1 1 0 0 0 0
(305) 0 0 1 0 1 1 0 0 0 0 0 0
(306) 0 0 1 0 1 1 0 0 0 0 0 1
(307) 0 0 1 0 1 1 0 0 0 0 1 0
(308) 0 0 1 0 1 1 0 0 0 0 1 1
(309) 0 0 1 0 1 1 0 0 0 1 0 0
(310) 0 0 1 0 1 1 0 0 0 1 0 1
(311) 0 0 1 0 1 1 0 0 0 1 1 0
(312) 0 0 1 0 1 1 0 1 0 0 0 0
(313) 0 0 1 0 1 1 0 1 0 0 1 0
(314) 0 0 1 0 1 1 1 0 0 0 0 0
(315) 0 0 1 0 1 1 1 0 0 1 0 0
(316) 0 0 1 0 1 1 1 1 0 0 0 1
(317) 0 0 1 1 0 0 0 0 0 0 0 0
(318) 0 0 1 1 0 0 0 0 0 0 0 1
(319) 0 0 1 1 0 0 0 0 0 0 1 0
(320) 0 0 1 1 0 0 0 0 0 0 1 1
(321) 0 0 1 1 0 0 0 0 0 1 0 0
(322) 0 0 1 1 0 0 0 0 0 1 0 1
(323) 0 0 1 1 0 0 0 0 0 1 1 0
(324) 0 0 1 1 0 0 0 0 1 0 0 0
(325) 0 0 1 1 0 0 0 0 1 0 0 1
(326) 0 0 1 1 0 0 0 0 1 0 1 0
(327) 0 0 1 1 0 0 0 0 1 1 0 0
(328) 0 0 1 1 0 0 0 0 1 1 1 1
(329) 0 0 1 1 0 0 0 1 0 0 0 0
(330) 0 0 1 1 0 0 0 1 0 0 0 1
(331) 0 0 1 1 0 0 0 1 0 0 1 0
(332) 0 0 1 1 0 0 0 1 0 0 1 1
(333) 0 0 1 1 0 0 0 1 1 0 0 0
(334) 0 0 1 1 0 0 0 1 1 0 0 1
(335) 0 0 1 1 0 0 0 1 1 0 1 0
(336) 0 0 1 1 0 0 1 0 0 0 0 0
(337) 0 0 1 1 0 0 1 0 0 0 0 1
(338) 0 0 1 1 0 0 1 0 0 1 0 0
(339) 0 0 1 1 0 0 1 0 1 0 0 0
(340) 0 0 1 1 0 0 1 0 1 0 0 1
(341) 0 0 1 1 0 0 1 0 1 1 0 0
(342) 0 0 1 1 0 0 1 1 0 0 0 0
(343) 0 0 1 1 0 0 1 1 1 0 0 0
(344) 0 0 1 1 0 1 0 0 0 0 0 0
(345) 0 0 1 1 0 1 0 0 0 0 0 1
(346) 0 0 1 1 0 1 0 0 0 0 1 0
(347) 0 0 1 1 0 1 0 0 0 0 1 1
(348) 0 0 1 1 0 1 0 0 0 1 0 0
(349) 0 0 1 1 0 1 0 0 0 1 0 1
(350) 0 0 1 1 0 1 0 0 0 1 1 0
(351) 0 0 1 1 0 1 0 0 1 0 0 0
(352) 0 0 1 1 0 1 0 0 1 0 0 1
(353) 0 0 1 1 0 1 0 0 1 0 1 0
(354) 0 0 1 1 0 1 0 0 1 1 0 0
(355) 0 0 1 1 0 1 0 0 1 1 1 1
(356) 0 0 1 1 0 1 0 1 0 0 0 0
(357) 0 0 1 1 0 1 0 1 0 0 1 0
(358) 0 0 1 1 0 1 0 1 1 0 0 0
(359) 0 0 1 1 0 1 0 1 1 0 1 0
(360) 0 0 1 1 0 1 1 0 0 0 0 0
(361) 0 0 1 1 0 1 1 0 0 1 0 0
(362) 0 0 1 1 0 1 1 0 1 0 0 0
(363) 0 0 1 1 0 1 1 0 1 1 0 0
(364) 0 0 1 1 0 1 1 1 0 0 0 1
(365) 0 0 1 1 0 1 1 1 1 0 0 1
(366) 0 0 1 1 1 0 0 0 0 0 0 0
(367) 0 0 1 1 1 0 0 0 0 0 0 1
(368) 0 0 1 1 1 0 0 0 0 1 0 0
(369) 0 0 1 1 1 0 0 0 0 1 0 1
(370) 0 0 1 1 1 0 0 1 0 0 0 0
(371) 0 0 1 1 1 0 0 1 0 0 0 1
(372) 0 0 1 1 1 0 1 0 0 0 1 0
(373) 0 0 1 1 1 0 1 0 0 0 1 1
(374) 0 0 1 1 1 0 1 0 0 1 1 0
(375) 0 0 1 1 1 0 1 1 0 0 1 0
(376) 0 0 1 1 1 1 0 0 0 0 0 0
(377) 0 0 1 1 1 1 0 0 0 0 0 1
(378) 0 0 1 1 1 1 0 0 0 1 0 0
(379) 0 0 1 1 1 1 0 0 0 1 0 1
(380) 0 0 1 1 1 1 0 1 0 0 0 0
(381) 0 0 1 1 1 1 1 0 0 0 1 0
(382) 0 0 1 1 1 1 1 0 0 1 1 0
(383) 0 0 1 1 1 1 1 1 0 0 1 1
(384) 0 1 0 0 0 0 0 0 0 0 0 0
(385) 0 1 0 0 0 0 0 0 0 0 0 1
(386) 0 1 0 0 0 0 0 0 0 0 1 0
(387) 0 1 0 0 0 0 0 0 0 0 1 1
(388) 0 1 0 0 0 0 0 0 0 1 0 0
(389) 0 1 0 0 0 0 0 0 0 1 0 1
(390) 0 1 0 0 0 0 0 0 0 1 1 0
(391) 0 1 0 0 0 0 0 0 1 0 0 0
(392) 0 1 0 0 0 0 0 0 1 0 0 1
(393) 0 1 0 0 0 0 0 0 1 0 1 0
(394) 0 1 0 0 0 0 0 0 1 1 0 0
(395) 0 1 0 0 0 0 0 0 1 1 1 1
(396) 0 1 0 0 0 0 0 1 0 0 0 0
(397) 0 1 0 0 0 0 0 1 0 0 0 1
(398) 0 1 0 0 0 0 0 1 0 0 1 0
(399) 0 1 0 0 0 0 0 1 0 0 1 1
(400) 0 1 0 0 0 0 0 1 1 0 0 0
(401) 0 1 0 0 0 0 0 1 1 0 0 1
(402) 0 1 0 0 0 0 0 1 1 0 1 0
(403) 0 1 0 0 0 0 1 0 0 0 0 0
(404) 0 1 0 0 0 0 1 0 0 0 0 1
(405) 0 1 0 0 0 0 1 0 0 0 1 0
(406) 0 1 0 0 0 0 1 0 0 0 1 1
(407) 0 1 0 0 0 0 1 0 0 1 0 0
(408) 0 1 0 0 0 0 1 0 0 1 0 1
(409) 0 1 0 0 0 0 1 0 0 1 1 0
(410) 0 1 0 0 0 0 1 0 1 0 0 0
(411) 0 1 0 0 0 0 1 0 1 0 0 1
(412) 0 1 0 0 0 0 1 0 1 0 1 0
(413) 0 1 0 0 0 0 1 0 1 1 0 0
(414) 0 1 0 0 0 0 1 0 1 1 1 1
(415) 0 1 0 0 0 0 1 1 0 0 0 0
(416) 0 1 0 0 0 0 1 1 0 0 1 0
(417) 0 1 0 0 0 0 1 1 1 0 0 0
(418) 0 1 0 0 0 0 1 1 1 0 1 0
(419) 0 1 0 0 0 1 0 0 0 0 0 0
(420) 0 1 0 0 0 1 0 0 0 0 0 1
(421) 0 1 0 0 0 1 0 0 0 0 1 0
(422) 0 1 0 0 0 1 0 0 0 0 1 1
(423) 0 1 0 0 0 1 0 0 0 1 0 0
(424) 0 1 0 0 0 1 0 0 0 1 0 1
(425) 0 1 0 0 0 1 0 0 0 1 1 0
(426) 0 1 0 0 0 1 0 0 1 0 0 0
(427) 0 1 0 0 0 1 0 0 1 0 0 1
(428) 0 1 0 0 0 1 0 0 1 0 1 0
(429) 0 1 0 0 0 1 0 0 1 1 0 0
(430) 0 1 0 0 0 1 0 0 1 1 1 1
(431) 0 1 0 0 0 1 0 1 0 0 0 0
(432) 0 1 0 0 0 1 0 1 0 0 1 0
(433) 0 1 0 0 0 1 0 1 1 0 0 0
(434) 0 1 0 0 0 1 0 1 1 0 1 0
(435) 0 1 0 0 0 1 1 0 0 0 0 0
(436) 0 1 0 0 0 1 1 0 0 0 1 0
(437) 0 1 0 0 0 1 1 0 0 1 0 0
(438) 0 1 0 0 0 1 1 0 0 1 1 0
(439) 0 1 0 0 0 1 1 0 1 0 0 0
(440) 0 1 0 0 0 1 1 0 1 1 0 0
(441) 0 1 0 0 0 1 1 1 0 0 0 1
(442) 0 1 0 0 0 1 1 1 0 0 1 1
(443) 0 1 0 0 0 1 1 1 1 0 0 1
(444) 0 1 0 0 1 0 0 0 0 0 0 0
(445) 0 1 0 0 1 0 0 0 0 0 0 1
(446) 0 1 0 0 1 0 0 0 0 0 1 0
(447) 0 1 0 0 1 0 0 0 0 0 1 1
(448) 0 1 0 0 1 0 0 0 0 1 0 0
(449) 0 1 0 0 1 0 0 0 0 1 0 1
(450) 0 1 0 0 1 0 0 0 0 1 1 0
(451) 0 1 0 0 1 0 0 0 1 0 0 0
(452) 0 1 0 0 1 0 0 0 1 0 0 1
(453) 0 1 0 0 1 0 0 0 1 0 1 0
(454) 0 1 0 0 1 0 0 0 1 1 0 0
(455) 0 1 0 0 1 0 0 0 1 1 1 1
(456) 0 1 0 0 1 0 0 1 0 0 0 0
(457) 0 1 0 0 1 0 0 1 0 0 0 1
(458) 0 1 0 0 1 0 0 1 0 0 1 0
(459) 0 1 0 0 1 0 0 1 1 0 0 0
(460) 0 1 0 0 1 0 0 1 1 0 0 1
(461) 0 1 0 0 1 0 0 1 1 0 1 0
(462) 0 1 0 0 1 0 1 0 0 0 0 0
(463) 0 1 0 0 1 0 1 0 0 0 0 1
(464) 0 1 0 0 1 0 1 0 0 1 0 0
(465) 0 1 0 0 1 0 1 0 0 1 0 1
(466) 0 1 0 0 1 0 1 0 1 0 0 0
(467) 0 1 0 0 1 0 1 0 1 0 0 1
(468) 0 1 0 0 1 0 1 0 1 1 0 0
(469) 0 1 0 0 1 0 1 1 0 0 0 0
(470) 0 1 0 0 1 0 1 1 1 0 0 0
(471) 0 1 0 0 1 1 0 0 0 0 0 0
(472) 0 1 0 0 1 1 0 0 0 0 0 1
(473) 0 1 0 0 1 1 0 0 0 0 1 0
(474) 0 1 0 0 1 1 0 0 0 0 1 1
(475) 0 1 0 0 1 1 0 0 0 1 0 0
(476) 0 1 0 0 1 1 0 0 0 1 0 1
(477) 0 1 0 0 1 1 0 0 0 1 1 0
(478) 0 1 0 0 1 1 0 0 1 0 0 0
(479) 0 1 0 0 1 1 0 0 1 0 0 1
(480) 0 1 0 0 1 1 0 0 1 0 1 0
(481) 0 1 0 0 1 1 0 0 1 1 0 0
(482) 0 1 0 0 1 1 0 0 1 1 1 1
(483) 0 1 0 0 1 1 0 1 0 0 0 0
(484) 0 1 0 0 1 1 0 1 0 0 1 0
(485) 0 1 0 0 1 1 0 1 1 0 0 0
(486) 0 1 0 0 1 1 0 1 1 0 1 0
(487) 0 1 0 0 1 1 1 0 0 0 0 0
(488) 0 1 0 0 1 1 1 0 0 1 0 0
(489) 0 1 0 0 1 1 1 0 1 0 0 0
(490) 0 1 0 0 1 1 1 0 1 1 0 0
(491) 0 1 0 0 1 1 1 1 0 0 0 1
(492) 0 1 0 0 1 1 1 1 1 0 0 1
(493) 0 1 0 1 0 0 0 0 0 0 0 0
(494) 0 1 0 1 0 0 0 0 0 0 0 1
(495) 0 1 0 1 0 0 0 0 0 0 1 0
(496) 0 1 0 1 0 0 0 0 0 0 1 1
(497) 0 1 0 1 0 0 0 0 0 1 0 0
(498) 0 1 0 1 0 0 0 0 0 1 0 1
(499) 0 1 0 1 0 0 0 0 0 1 1 0
(500) 0 1 0 1 0 0 0 0 1 0 0 0
(501) 0 1 0 1 0 0 0 0 1 0 0 1
(502) 0 1 0 1 0 0 0 0 1 0 1 0
(503) 0 1 0 1 0 0 0 0 1 1 0 0
(504) 0 1 0 1 0 0 0 0 1 1 1 1
(505) 0 1 0 1 0 0 0 1 0 0 0 0
(506) 0 1 0 1 0 0 0 1 0 0 0 1
(507) 0 1 0 1 0 0 0 1 0 0 1 0
(508) 0 1 0 1 0 0 0 1 0 0 1 1
(509) 0 1 0 1 0 0 0 1 1 0 0 0
(510) 0 1 0 1 0 0 0 1 1 0 0 1
(511) 0 1 0 1 0 0 0 1 1 0 1 0
(512) 0 1 0 1 0 0 1 0 0 0 0 0
(513) 0 1 0 1 0 0 1 0 0 0 0 1
(514) 0 1 0 1 0 0 1 0 0 1 0 0
(515) 0 1 0 1 0 0 1 0 0 1 0 1
(516) 0 1 0 1 0 0 1 0 1 0 0 0
(517) 0 1 0 1 0 0 1 0 1 0 0 1
(518) 0 1 0 1 0 0 1 0 1 1 0 0
(519) 0 1 0 1 0 0 1 1 0 0 0 0
(520) 0 1 0 1 0 0 1 1 1 0 0 0
(521) 0 1 0 1 1 0 0 0 0 0 0 0
(522) 0 1 0 1 1 0 0 0 0 0 0 1
(523) 0 1 0 1 1 0 0 0 0 1 0 0
(524) 0 1 0 1 1 0 0 0 0 1 0 1
(525) 0 1 0 1 1 0 0 0 1 0 0 0
(526) 0 1 0 1 1 0 0 0 1 0 0 1
(527) 0 1 0 1 1 0 0 0 1 1 0 0
(528) 0 1 0 1 1 0 0 1 0 0 0 0
(529) 0 1 0 1 1 0 0 1 0 0 0 1
(530) 0 1 0 1 1 0 0 1 1 0 0 0
(531) 0 1 0 1 1 0 0 1 1 0 0 1
(532) 0 1 0 1 1 0 1 0 0 0 1 0
(533) 0 1 0 1 1 0 1 0 0 0 1 1
(534) 0 1 0 1 1 0 1 0 0 1 1 0
(535) 0 1 0 1 1 0 1 0 1 0 1 0
(536) 0 1 0 1 1 0 1 0 1 1 1 1
(537) 0 1 0 1 1 0 1 1 0 0 1 0
(538) 0 1 0 1 1 0 1 1 1 0 1 0
(539) 0 1 1 0 0 0 0 0 0 0 0 0
(540) 0 1 1 0 0 0 0 0 0 0 0 1
(541) 0 1 1 0 0 0 0 0 0 0 1 0
(542) 0 1 1 0 0 0 0 0 0 0 1 1
(543) 0 1 1 0 0 0 0 0 1 0 0 0
(544) 0 1 1 0 0 0 0 0 1 0 0 1
(545) 0 1 1 0 0 0 0 0 1 0 1 0
(546) 0 1 1 0 0 0 0 1 0 1 0 0
(547) 0 1 1 0 0 0 0 1 0 1 0 1
(548) 0 1 1 0 0 0 0 1 0 1 1 0
(549) 0 1 1 0 0 0 0 1 1 1 0 0
(550) 0 1 1 0 0 0 0 1 1 1 1 1
(551) 0 1 1 0 0 0 1 0 0 0 0 0
(552) 0 1 1 0 0 0 1 0 0 0 0 1
(553) 0 1 1 0 0 0 1 0 0 0 1 0
(554) 0 1 1 0 0 0 1 0 0 0 1 1
(555) 0 1 1 0 0 0 1 0 1 0 0 0
(556) 0 1 1 0 0 0 1 0 1 0 0 1
(557) 0 1 1 0 0 0 1 1 0 1 0 0
(558) 0 1 1 0 0 0 1 1 0 1 1 0
(559) 0 1 1 0 0 0 1 1 1 1 0 0
(560) 0 1 1 0 0 1 0 0 0 0 0 0
(561) 0 1 1 0 0 1 0 0 0 0 0 1
(562) 0 1 1 0 0 1 0 0 0 0 1 0
(563) 0 1 1 0 0 1 0 0 0 0 1 1
(564) 0 1 1 0 0 1 0 0 1 0 0 0
(565) 0 1 1 0 0 1 0 0 1 0 0 1
(566) 0 1 1 0 0 1 0 1 0 1 0 0
(567) 0 1 1 0 0 1 0 1 0 1 1 0
(568) 0 1 1 0 0 1 0 1 1 1 0 0
(569) 0 1 1 0 0 1 1 0 0 0 0 0
(570) 0 1 1 0 0 1 1 0 1 0 1 0
(571) 0 1 1 0 0 1 1 1 0 1 0 1
(572) 0 1 1 0 0 1 1 1 1 1 1 1
(573) 0 1 1 0 1 0 0 0 0 0 0 0
(574) 0 1 1 0 1 0 0 0 0 0 0 1
(575) 0 1 1 0 1 0 0 0 0 0 1 0
(576) 0 1 1 0 1 0 0 0 0 0 1 1
(577) 0 1 1 0 1 0 0 1 0 1 0 0
(578) 0 1 1 0 1 0 0 1 0 1 0 1
(579) 0 1 1 0 1 0 0 1 0 1 1 0
(580) 0 1 1 0 1 0 1 0 0 0 0 0
(581) 0 1 1 0 1 0 1 0 0 0 0 1
(582) 0 1 1 0 1 0 1 1 0 1 0 0
(583) 0 1 1 0 1 1 0 0 0 0 0 0
(584) 0 1 1 0 1 1 0 0 0 0 0 1
(585) 0 1 1 0 1 1 0 0 0 0 1 0
(586) 0 1 1 0 1 1 0 0 0 0 1 1
(587) 0 1 1 0 1 1 0 1 0 1 0 0
(588) 0 1 1 0 1 1 0 1 0 1 1 0
(589) 0 1 1 0 1 1 1 0 0 0 0 0
(590) 0 1 1 0 1 1 1 1 0 1 0 1
(591) 0 1 1 1 0 0 0 0 0 0 0 0
(592) 0 1 1 1 0 0 0 0 0 0 0 1
(593) 0 1 1 1 0 0 0 0 0 0 1 0
(594) 0 1 1 1 0 0 0 0 0 0 1 1
(595) 0 1 1 1 0 0 0 0 1 0 0 0
(596) 0 1 1 1 0 0 0 0 1 0 0 1
(597) 0 1 1 1 0 0 0 0 1 0 1 0
(598) 0 1 1 1 0 0 0 1 0 1 0 0
(599) 0 1 1 1 0 0 0 1 0 1 0 1
(600) 0 1 1 1 0 0 0 1 0 1 1 0
(601) 0 1 1 1 0 0 0 1 1 1 0 0
(602) 0 1 1 1 0 0 0 1 1 1 1 1
(603) 0 1 1 1 0 0 1 0 0 0 0 0
(604) 0 1 1 1 0 0 1 0 0 0 0 1
(605) 0 1 1 1 0 0 1 0 1 0 0 0
(606) 0 1 1 1 0 0 1 0 1 0 0 1
(607) 0 1 1 1 0 0 1 1 0 1 0 0
(608) 0 1 1 1 0 0 1 1 1 1 0 0
(609) 0 1 1 1 1 0 0 0 0 0 0 0
(610) 0 1 1 1 1 0 0 0 0 0 0 1
(611) 0 1 1 1 1 0 0 1 0 1 0 0
(612) 0 1 1 1 1 0 0 1 0 1 0 1
(613) 0 1 1 1 1 0 1 0 0 0 1 0
(614) 0 1 1 1 1 0 1 0 0 0 1 1
(615) 0 1 1 1 1 0 1 1 0 1 1 0
(616) 1 0 0 0 0 0 0 0 0 0 0 0
(617) 1 0 0 0 0 0 0 0 0 0 0 1
(618) 1 0 0 0 0 0 0 0 0 0 1 0
(619) 1 0 0 0 0 0 0 0 0 0 1 1
(620) 1 0 0 0 0 0 0 0 0 1 0 0
(621) 1 0 0 0 0 0 0 0 0 1 0 1
(622) 1 0 0 0 0 0 0 0 0 1 1 0
(623) 1 0 0 0 0 0 0 0 1 0 0 0
(624) 1 0 0 0 0 0 0 0 1 0 0 1
(625) 1 0 0 0 0 0 0 0 1 0 1 0
(626) 1 0 0 0 0 0 0 0 1 1 0 0
(627) 1 0 0 0 0 0 0 0 1 1 1 1
(628) 1 0 0 0 0 0 0 1 0 0 0 0
(629) 1 0 0 0 0 0 0 1 0 0 0 1
(630) 1 0 0 0 0 0 0 1 0 0 1 0
(631) 1 0 0 0 0 0 0 1 0 0 1 1
(632) 1 0 0 0 0 0 0 1 0 1 0 0
(633) 1 0 0 0 0 0 0 1 0 1 0 1
(634) 1 0 0 0 0 0 0 1 0 1 1 0
(635) 1 0 0 0 0 0 0 1 1 0 0 0
(636) 1 0 0 0 0 0 0 1 1 0 0 1
(637) 1 0 0 0 0 0 0 1 1 0 1 0
(638) 1 0 0 0 0 0 0 1 1 1 0 0
(639) 1 0 0 0 0 0 0 1 1 1 1 1
(640) 1 0 0 0 0 0 1 0 0 0 0 0
(641) 1 0 0 0 0 0 1 0 0 0 0 1
(642) 1 0 0 0 0 0 1 0 0 0 1 0
(643) 1 0 0 0 0 0 1 0 0 0 1 1
(644) 1 0 0 0 0 0 1 0 0 1 0 0
(645) 1 0 0 0 0 0 1 0 0 1 0 1
(646) 1 0 0 0 0 0 1 0 0 1 1 0
(647) 1 0 0 0 0 0 1 0 1 0 0 0
(648) 1 0 0 0 0 0 1 0 1 0 0 1
(649) 1 0 0 0 0 0 1 0 1 0 1 0
(650) 1 0 0 0 0 0 1 0 1 1 0 0
(651) 1 0 0 0 0 0 1 0 1 1 1 1
(652) 1 0 0 0 0 0 1 1 0 0 0 0
(653) 1 0 0 0 0 0 1 1 0 0 1 0
(654) 1 0 0 0 0 0 1 1 0 1 0 0
(655) 1 0 0 0 0 0 1 1 0 1 1 0
(656) 1 0 0 0 0 0 1 1 1 0 0 0
(657) 1 0 0 0 0 0 1 1 1 0 1 0
(658) 1 0 0 0 0 0 1 1 1 1 0 0
(659) 1 0 0 0 0 1 0 0 0 0 0 0
(660) 1 0 0 0 0 1 0 0 0 0 0 1
(661) 1 0 0 0 0 1 0 0 0 0 1 0
(662) 1 0 0 0 0 1 0 0 0 0 1 1
(663) 1 0 0 0 0 1 0 0 0 1 0 0
(664) 1 0 0 0 0 1 0 0 0 1 0 1
(665) 1 0 0 0 0 1 0 0 0 1 1 0
(666) 1 0 0 0 0 1 0 0 1 0 0 0
(667) 1 0 0 0 0 1 0 0 1 0 0 1
(668) 1 0 0 0 0 1 0 0 1 0 1 0
(669) 1 0 0 0 0 1 0 0 1 1 0 0
(670) 1 0 0 0 0 1 0 0 1 1 1 1
(671) 1 0 0 0 0 1 0 1 0 0 0 0
(672) 1 0 0 0 0 1 0 1 0 0 1 0
(673) 1 0 0 0 0 1 0 1 0 1 0 0
(674) 1 0 0 0 0 1 0 1 0 1 1 0
(675) 1 0 0 0 0 1 0 1 1 0 0 0
(676) 1 0 0 0 0 1 0 1 1 0 1 0
(677) 1 0 0 0 0 1 0 1 1 1 0 0
(678) 1 0 0 0 0 1 1 0 0 0 0 0
(679) 1 0 0 0 0 1 1 0 0 0 1 0
(680) 1 0 0 0 0 1 1 0 0 1 0 0
(681) 1 0 0 0 0 1 1 0 0 1 1 0
(682) 1 0 0 0 0 1 1 0 1 0 0 0
(683) 1 0 0 0 0 1 1 0 1 0 1 0
(684) 1 0 0 0 0 1 1 0 1 1 0 0
(685) 1 0 0 0 0 1 1 1 0 0 0 1
(686) 1 0 0 0 0 1 1 1 0 0 1 1
(687) 1 0 0 0 0 1 1 1 0 1 0 1
(688) 1 0 0 0 0 1 1 1 1 0 0 1
(689) 1 0 0 0 0 1 1 1 1 1 1 1
(690) 1 0 0 0 1 0 0 0 0 0 0 0
(691) 1 0 0 0 1 0 0 0 0 0 0 1
(692) 1 0 0 0 1 0 0 0 0 0 1 0
(693) 1 0 0 0 1 0 0 0 0 0 1 1
(694) 1 0 0 0 1 0 0 0 0 1 0 0
(695) 1 0 0 0 1 0 0 0 0 1 0 1
(696) 1 0 0 0 1 0 0 0 0 1 1 0
(697) 1 0 0 0 1 0 0 1 0 0 0 0
(698) 1 0 0 0 1 0 0 1 0 0 0 1
(699) 1 0 0 0 1 0 0 1 0 0 1 0
(700) 1 0 0 0 1 0 0 1 0 1 0 0
(701) 1 0 0 0 1 0 0 1 0 1 0 1
(702) 1 0 0 0 1 0 0 1 0 1 1 0
(703) 1 0 0 0 1 0 1 0 0 0 0 0
(704) 1 0 0 0 1 0 1 0 0 0 0 1
(705) 1 0 0 0 1 0 1 0 0 1 0 0
(706) 1 0 0 0 1 0 1 0 0 1 0 1
(707) 1 0 0 0 1 0 1 1 0 0 0 0
(708) 1 0 0 0 1 0 1 1 0 1 0 0
(709) 1 0 0 0 1 1 0 0 0 0 0 0
(710) 1 0 0 0 1 1 0 0 0 0 0 1
(711) 1 0 0 0 1 1 0 0 0 0 1 0
(712) 1 0 0 0 1 1 0 0 0 0 1 1
(713) 1 0 0 0 1 1 0 0 0 1 0 0
(714) 1 0 0 0 1 1 0 0 0 1 0 1
(715) 1 0 0 0 1 1 0 0 0 1 1 0
(716) 1 0 0 0 1 1 0 1 0 0 0 0
(717) 1 0 0 0 1 1 0 1 0 0 1 0
(718) 1 0 0 0 1 1 0 1 0 1 0 0
(719) 1 0 0 0 1 1 0 1 0 1 1 0
(720) 1 0 0 0 1 1 1 0 0 0 0 0
(721) 1 0 0 0 1 1 1 0 0 1 0 0
(722) 1 0 0 0 1 1 1 1 0 0 0 1
(723) 1 0 0 0 1 1 1 1 0 1 0 1
(724) 1 0 0 1 0 0 0 0 0 0 0 0
(725) 1 0 0 1 0 0 0 0 0 0 0 1
(726) 1 0 0 1 0 0 0 0 0 0 1 0
(727) 1 0 0 1 0 0 0 0 0 0 1 1
(728) 1 0 0 1 0 0 0 0 0 1 0 0
(729) 1 0 0 1 0 0 0 0 0 1 0 1
(730) 1 0 0 1 0 0 0 0 0 1 1 0
(731) 1 0 0 1 0 0 0 0 1 0 0 0
(732) 1 0 0 1 0 0 0 0 1 0 0 1
(733) 1 0 0 1 0 0 0 0 1 0 1 0
(734) 1 0 0 1 0 0 0 0 1 1 0 0
(735) 1 0 0 1 0 0 0 0 1 1 1 1
(736) 1 0 0 1 0 0 0 1 0 0 0 0
(737) 1 0 0 1 0 0 0 1 0 0 0 1
(738) 1 0 0 1 0 0 0 1 0 0 1 0
(739) 1 0 0 1 0 0 0 1 0 0 1 1
(740) 1 0 0 1 0 0 0 1 0 1 0 0
(741) 1 0 0 1 0 0 0 1 0 1 0 1
(742) 1 0 0 1 0 0 0 1 0 1 1 0
(743) 1 0 0 1 0 0 0 1 1 0 0 0
(744) 1 0 0 1 0 0 0 1 1 0 0 1
(745) 1 0 0 1 0 0 0 1 1 0 1 0
(746) 1 0 0 1 0 0 0 1 1 1 0 0
(747) 1 0 0 1 0 0 0 1 1 1 1 1
(748) 1 0 0 1 0 0 1 0 0 0 0 0
(749) 1 0 0 1 0 0 1 0 0 0 0 1
(750) 1 0 0 1 0 0 1 0 0 1 0 0
(751) 1 0 0 1 0 0 1 0 1 0 0 0
(752) 1 0 0 1 0 0 1 0 1 0 0 1
(753) 1 0 0 1 0 0 1 0 1 1 0 0
(754) 1 0 0 1 0 0 1 1 0 0 0 0
(755) 1 0 0 1 0 0 1 1 0 1 0 0
(756) 1 0 0 1 0 0 1 1 1 0 0 0
(757) 1 0 0 1 0 0 1 1 1 1 0 0
(758) 1 0 0 1 1 0 0 0 0 0 0 0
(759) 1 0 0 1 1 0 0 0 0 0 0 1
(760) 1 0 0 1 1 0 0 0 0 1 0 0
(761) 1 0 0 1 1 0 0 0 0 1 0 1
(762) 1 0 0 1 1 0 0 1 0 0 0 0
(763) 1 0 0 1 1 0 0 1 0 0 0 1
(764) 1 0 0 1 1 0 0 1 0 1 0 0
(765) 1 0 0 1 1 0 0 1 0 1 0 1
(766) 1 0 0 1 1 0 1 0 0 0 1 0
(767) 1 0 0 1 1 0 1 0 0 0 1 1
(768) 1 0 0 1 1 0 1 0 0 1 1 0
(769) 1 0 0 1 1 0 1 1 0 0 1 0
(770) 1 0 0 1 1 0 1 1 0 1 1 0
(771) 1 0 1 0 0 0 0 0 0 0 0 0
(772) 1 0 1 0 0 0 0 0 0 0 0 1
(773) 1 0 1 0 0 0 0 0 0 0 1 0
(774) 1 0 1 0 0 0 0 0 0 0 1 1
(775) 1 0 1 0 0 0 0 0 0 1 0 0
(776) 1 0 1 0 0 0 0 0 0 1 0 1
(777) 1 0 1 0 0 0 0 0 0 1 1 0
(778) 1 0 1 0 0 0 0 1 0 0 0 0
(779) 1 0 1 0 0 0 0 1 0 0 0 1
(780) 1 0 1 0 0 0 0 1 0 0 1 0
(781) 1 0 1 0 0 0 0 1 0 0 1 1
(782) 1 0 1 0 0 0 1 0 0 0 0 0
(783) 1 0 1 0 0 0 1 0 0 0 0 1
(784) 1 0 1 0 0 0 1 0 0 0 1 0
(785) 1 0 1 0 0 0 1 0 0 0 1 1
(786) 1 0 1 0 0 0 1 0 0 1 0 0
(787) 1 0 1 0 0 0 1 0 0 1 1 0
(788) 1 0 1 0 0 0 1 1 0 0 0 0
(789) 1 0 1 0 0 0 1 1 0 0 1 0
(790) 1 0 1 0 0 1 0 0 0 0 0 0
(791) 1 0 1 0 0 1 0 0 0 0 0 1
(792) 1 0 1 0 0 1 0 0 0 0 1 0
(793) 1 0 1 0 0 1 0 0 0 0 1 1
(794) 1 0 1 0 0 1 0 0 0 1 0 0
(795) 1 0 1 0 0 1 0 0 0 1 0 1
(796) 1 0 1 0 0 1 0 0 0 1 1 0
(797) 1 0 1 0 0 1 0 1 0 0 0 0
(798) 1 0 1 0 0 1 0 1 0 0 1 0
(799) 1 0 1 0 0 1 1 0 0 0 0 0
(800) 1 0 1 0 0 1 1 0 0 0 1 0
(801) 1 0 1 0 0 1 1 0 0 1 0 0
(802) 1 0 1 0 0 1 1 0 0 1 1 0
(803) 1 0 1 0 0 1 1 1 0 0 0 1
(804) 1 0 1 0 0 1 1 1 0 0 1 1
(805) 1 0 1 0 1 0 0 0 1 0 0 0
(806) 1 0 1 0 1 0 0 0 1 0 0 1
(807) 1 0 1 0 1 0 0 0 1 0 1 0
(808) 1 0 1 0 1 0 0 0 1 1 0 0
(809) 1 0 1 0 1 0 0 0 1 1 1 1
(810) 1 0 1 0 1 0 0 1 1 0 0 0
(811) 1 0 1 0 1 0 0 1 1 0 0 1
(812) 1 0 1 0 1 0 0 1 1 0 1 0
(813) 1 0 1 0 1 0 1 0 1 0 0 0
(814) 1 0 1 0 1 0 1 0 1 0 0 1
(815) 1 0 1 0 1 0 1 0 1 1 0 0
(816) 1 0 1 0 1 0 1 1 1 0 0 0
(817) 1 0 1 0 1 1 0 0 1 0 0 0
(818) 1 0 1 0 1 1 0 0 1 0 0 1
(819) 1 0 1 0 1 1 0 0 1 0 1 0
(820) 1 0 1 0 1 1 0 0 1 1 0 0
(821) 1 0 1 0 1 1 0 0 1 1 1 1
(822) 1 0 1 0 1 1 0 1 1 0 0 0
(823) 1 0 1 0 1 1 0 1 1 0 1 0
(824) 1 0 1 0 1 1 1 0 1 0 0 0
(825) 1 0 1 0 1 1 1 0 1 1 0 0
(826) 1 0 1 0 1 1 1 1 1 0 0 1
(827) 1 0 1 1 0 0 0 0 0 0 0 0
(828) 1 0 1 1 0 0 0 0 0 0 0 1
(829) 1 0 1 1 0 0 0 0 0 0 1 0
(830) 1 0 1 1 0 0 0 0 0 0 1 1
(831) 1 0 1 1 0 0 0 0 0 1 0 0
(832) 1 0 1 1 0 0 0 0 0 1 1 0
(833) 1 0 1 1 0 0 0 1 0 0 0 0
(834) 1 0 1 1 0 0 0 1 0 0 0 1
(835) 1 0 1 1 0 0 0 1 0 0 1 0
(836) 1 0 1 1 0 0 0 1 0 0 1 1
(837) 1 0 1 1 0 0 1 0 0 0 0 0
(838) 1 0 1 1 0 0 1 0 0 1 0 1
(839) 1 0 1 1 0 0 1 1 0 0 0 0
(840) 1 0 1 1 1 0 0 0 1 0 0 0
(841) 1 0 1 1 1 0 0 0 1 0 0 1
(842) 1 0 1 1 1 0 0 0 1 1 0 0
(843) 1 0 1 1 1 0 0 1 1 0 0 0
(844) 1 0 1 1 1 0 0 1 1 0 0 1
(845) 1 0 1 1 1 0 1 0 1 0 1 0
(846) 1 0 1 1 1 0 1 0 1 1 1 1
(847) 1 0 1 1 1 0 1 1 1 0 1 0
(848) 1 1 0 0 0 0 0 0 0 0 0 0
(849) 1 1 0 0 0 0 0 0 0 0 0 1
(850) 1 1 0 0 0 0 0 0 0 0 1 0
(851) 1 1 0 0 0 0 0 0 0 0 1 1
(852) 1 1 0 0 0 0 0 0 0 1 0 0
(853) 1 1 0 0 0 0 0 0 0 1 0 1
(854) 1 1 0 0 0 0 0 0 0 1 1 0
(855) 1 1 0 0 0 0 0 0 1 0 0 0
(856) 1 1 0 0 0 0 0 0 1 0 0 1
(857) 1 1 0 0 0 0 0 0 1 0 1 0
(858) 1 1 0 0 0 0 0 0 1 1 0 0
(859) 1 1 0 0 0 0 0 0 1 1 1 1
(860) 1 1 0 0 0 0 0 1 0 0 0 0
(861) 1 1 0 0 0 0 0 1 0 0 0 1
(862) 1 1 0 0 0 0 0 1 0 0 1 0
(863) 1 1 0 0 0 0 0 1 1 0 0 0
(864) 1 1 0 0 0 0 0 1 1 0 0 1
(865) 1 1 0 0 0 0 0 1 1 0 1 0
(866) 1 1 0 0 0 0 1 0 0 0 0 0
(867) 1 1 0 0 0 0 1 0 0 0 0 1
(868) 1 1 0 0 0 0 1 0 0 0 1 0
(869) 1 1 0 0 0 0 1 0 0 0 1 1
(870) 1 1 0 0 0 0 1 0 0 1 0 0
(871) 1 1 0 0 0 0 1 0 0 1 0 1
(872) 1 1 0 0 0 0 1 0 0 1 1 0
(873) 1 1 0 0 0 0 1 0 1 0 0 0
(874) 1 1 0 0 0 0 1 0 1 0 0 1
(875) 1 1 0 0 0 0 1 0 1 0 1 0
(876) 1 1 0 0 0 0 1 0 1 1 0 0
(877) 1 1 0 0 0 0 1 0 1 1 1 1
(878) 1 1 0 0 0 0 1 1 0 0 0 0
(879) 1 1 0 0 0 0 1 1 0 0 1 0
(880) 1 1 0 0 0 0 1 1 1 0 0 0
(881) 1 1 0 0 0 0 1 1 1 0 1 0
(882) 1 1 0 0 1 0 0 0 0 0 0 0
(883) 1 1 0 0 1 0 0 0 0 0 0 1
(884) 1 1 0 0 1 0 0 0 0 0 1 0
(885) 1 1 0 0 1 0 0 0 0 1 0 0
(886) 1 1 0 0 1 0 0 0 0 1 0 1
(887) 1 1 0 0 1 0 0 0 0 1 1 0
(888) 1 1 0 0 1 0 0 1 0 0 0 0
(889) 1 1 0 0 1 0 0 1 0 0 1 1
(890) 1 1 0 0 1 0 1 0 0 0 0 0
(891) 1 1 0 0 1 0 1 0 0 0 0 1
(892) 1 1 0 0 1 0 1 0 0 1 0 0
(893) 1 1 0 0 1 0 1 0 0 1 0 1
(894) 1 1 0 0 1 0 1 1 0 0 0 0
(895) 1 1 0 1 0 1 0 0 0 0 0 0
(896) 1 1 0 1 0 1 0 0 0 0 0 1
(897) 1 1 0 1 0 1 0 0 0 0 1 0
(898) 1 1 0 1 0 1 0 0 0 0 1 1
(899) 1 1 0 1 0 1 0 0 0 1 0 0
(900) 1 1 0 1 0 1 0 0 0 1 0 1
(901) 1 1 0 1 0 1 0 0 0 1 1 0
(902) 1 1 0 1 0 1 0 0 1 0 0 0
(903) 1 1 0 1 0 1 0 0 1 0 0 1
(904) 1 1 0 1 0 1 0 0 1 0 1 0
(905) 1 1 0 1 0 1 0 0 1 1 0 0
(906) 1 1 0 1 0 1 0 0 1 1 1 1
(907) 1 1 0 1 0 1 0 1 0 0 0 0
(908) 1 1 0 1 0 1 0 1 0 0 1 0
(909) 1 1 0 1 0 1 0 1 1 0 0 0
(910) 1 1 0 1 0 1 0 1 1 0 1 0
(911) 1 1 0 1 0 1 1 0 0 0 0 0
(912) 1 1 0 1 0 1 1 0 0 1 0 0
(913) 1 1 0 1 0 1 1 0 1 0 0 0
(914) 1 1 0 1 0 1 1 0 1 1 0 0
(915) 1 1 0 1 0 1 1 1 0 0 0 1
(916) 1 1 0 1 0 1 1 1 1 0 0 1
(917) 1 1 0 1 1 1 0 0 0 0 0 0
(918) 1 1 0 1 1 1 0 0 0 0 0 1
(919) 1 1 0 1 1 1 0 0 0 1 0 0
(920) 1 1 0 1 1 1 0 0 0 1 0 1
(921) 1 1 0 1 1 1 0 1 0 0 0 0
(922) 1 1 0 1 1 1 1 0 0 0 1 0
(923) 1 1 0 1 1 1 1 0 0 1 1 0
(924) 1 1 0 1 1 1 1 1 0 0 1 1
(925) 1 1 1 0 0 0 0 0 0 0 0 0
(926) 1 1 1 0 0 0 0 0 0 0 0 1
(927) 1 1 1 0 0 0 0 0 0 0 1 0
(928) 1 1 1 0 0 0 0 0 0 0 1 1
(929) 1 1 1 0 0 0 0 1 0 1 0 0
(930) 1 1 1 0 0 0 0 1 0 1 0 1
(931) 1 1 1 0 0 0 0 1 0 1 1 0
(932) 1 1 1 0 0 0 1 0 0 0 0 0
(933) 1 1 1 0 0 0 1 0 0 0 0 1
(934) 1 1 1 0 0 0 1 0 0 0 1 0
(935) 1 1 1 0 0 0 1 0 0 0 1 1
(936) 1 1 1 0 0 0 1 1 0 1 0 0
(937) 1 1 1 0 0 0 1 1 0 1 1 0
(938) 1 1 1 0 1 0 0 0 1 0 0 0
(939) 1 1 1 0 1 0 0 0 1 0 0 1
(940) 1 1 1 0 1 0 0 0 1 0 1 0
(941) 1 1 1 0 1 0 0 1 1 1 0 0
(942) 1 1 1 0 1 0 0 1 1 1 1 1
(943) 1 1 1 0 1 0 1 0 1 0 0 0
(944) 1 1 1 0 1 0 1 0 1 0 0 1
(945) 1 1 1 0 1 0 1 1 1 1 0 0
(946) 1 1 1 1 0 1 0 0 0 0 0 0
(947) 1 1 1 1 0 1 0 0 0 0 0 1
(948) 1 1 1 1 0 1 0 0 0 0 1 0
(949) 1 1 1 1 0 1 0 0 0 0 1 1
(950) 1 1 1 1 0 1 0 1 0 1 0 0
(951) 1 1 1 1 0 1 0 1 0 1 1 0
(952) 1 1 1 1 0 1 1 0 0 0 0 0
(953) 1 1 1 1 0 1 1 1 0 1 0 1
(954) 1 1 1 1 1 1 0 0 1 0 0 0
(955) 1 1 1 1 1 1 0 0 1 0 0 1
(956) 1 1 1 1 1 1 0 1 1 1 0 0
(957) 1 1 1 1 1 1 1 0 1 0 1 0
(958) 1 1 1 1 1 1 1 1 1 1 1 1
