Overlap label/order: [[1, 2], [1, 3], [1, 4], [2, 3], [2, 6], [3, 5], [4, 5], [4, 6], [5, 6]]
Cycles:  [[1, 3, 2], [1, 4, 5, 3, 2], [1, 4, 6, 5, 3, 2], [1, 4, 6, 2], [1, 3, 5, 6, 2], [1, 4, 5, 6, 2], [1, 4, 6, 2, 3], [1, 4, 5, 3], [1, 4, 6, 5, 3], [2, 6, 4, 5, 3], [2, 6, 5, 3], [4, 6, 5]]
Dimension:  9
(1) 0 0 0 0 0 0 0 0 0
(2) 0 0 0 0 0 0 0 0 1
(3) 0 0 0 0 0 0 0 1 0
(4) 0 0 0 0 0 0 1 0 0
(5) 0 0 0 0 0 0 1 1 1
(6) 0 0 0 0 0 1 0 0 0
(7) 0 0 0 0 0 1 0 0 1
(8) 0 0 0 0 0 1 0 1 0
(9) 0 0 0 0 0 1 1 0 0
(10) 0 0 0 0 0 1 1 1 1
(11) 0 0 0 0 1 0 0 0 0
(12) 0 0 0 0 1 0 0 0 1
(13) 0 0 0 0 1 0 0 1 0
(14) 0 0 0 0 1 0 1 0 0
(15) 0 0 0 0 1 0 1 1 1
(16) 0 0 0 0 1 1 0 0 0
(17) 0 0 0 0 1 1 0 1 0
(18) 0 0 0 0 1 1 1 0 0
(19) 0 0 0 1 0 0 0 0 0
(20) 0 0 0 1 0 0 0 0 1
(21) 0 0 0 1 0 0 0 1 0
(22) 0 0 0 1 0 0 1 0 0
(23) 0 0 0 1 0 0 1 1 1
(24) 0 0 0 1 0 1 0 0 0
(25) 0 0 0 1 0 1 0 1 0
(26) 0 0 0 1 0 1 1 0 0
(27) 0 0 0 1 1 0 0 0 0
(28) 0 0 0 1 1 0 0 1 0
(29) 0 0 0 1 1 0 1 0 0
(30) 0 0 0 1 1 1 0 0 1
(31) 0 0 0 1 1 1 1 1 1
(32) 0 0 1 0 0 0 0 0 0
(33) 0 0 1 0 0 0 0 0 1
(34) 0 0 1 0 0 0 0 1 0
(35) 0 0 1 0 0 0 1 0 0
(36) 0 0 1 0 0 0 1 1 1
(37) 0 0 1 0 0 1 0 0 0
(38) 0 0 1 0 0 1 0 0 1
(39) 0 0 1 0 0 1 0 1 0
(40) 0 0 1 0 1 0 0 0 0
(41) 0 0 1 0 1 0 0 0 1
(42) 0 0 1 0 1 0 1 0 0
(43) 0 0 1 0 1 1 0 0 0
(44) 0 0 1 1 0 0 0 0 0
(45) 0 0 1 1 0 0 0 0 1
(46) 0 0 1 1 0 0 0 1 0
(47) 0 0 1 1 0 0 1 0 0
(48) 0 0 1 1 0 0 1 1 1
(49) 0 0 1 1 0 1 0 0 0
(50) 0 0 1 1 0 1 0 1 0
(51) 0 0 1 1 1 0 0 0 0
(52) 0 0 1 1 1 0 1 0 0
(53) 0 0 1 1 1 1 0 0 1
(54) 0 1 0 0 0 0 0 0 0
(55) 0 1 0 0 0 0 0 0 1
(56) 0 1 0 0 0 0 0 1 0
(57) 0 1 0 0 0 0 1 0 0
(58) 0 1 0 0 0 0 1 1 1
(59) 0 1 0 0 0 1 0 0 0
(60) 0 1 0 0 0 1 0 0 1
(61) 0 1 0 0 0 1 0 1 0
(62) 0 1 0 0 1 0 0 0 0
(63) 0 1 0 0 1 0 0 0 1
(64) 0 1 0 0 1 0 0 1 0
(65) 0 1 0 0 1 0 1 0 0
(66) 0 1 0 0 1 0 1 1 1
(67) 0 1 0 0 1 1 0 0 0
(68) 0 1 0 0 1 1 0 1 0
(69) 0 1 1 0 0 0 0 0 0
(70) 0 1 1 0 0 0 0 0 1
(71) 0 1 1 0 0 0 0 1 0
(72) 0 1 1 0 0 1 1 0 0
(73) 0 1 1 0 0 1 1 1 1
(74) 0 1 1 0 1 0 0 0 0
(75) 0 1 1 0 1 0 0 0 1
(76) 0 1 1 0 1 1 1 0 0
(77) 1 0 0 0 0 0 0 0 0
(78) 1 0 0 0 0 0 0 0 1
(79) 1 0 0 0 0 0 0 1 0
(80) 1 0 0 0 0 0 1 0 0
(81) 1 0 0 0 0 0 1 1 1
(82) 1 0 0 0 0 1 0 0 0
(83) 1 0 0 0 0 1 0 0 1
(84) 1 0 0 0 0 1 0 1 0
(85) 1 0 0 0 0 1 1 0 0
(86) 1 0 0 0 0 1 1 1 1
(87) 1 0 0 0 1 0 0 0 0
(88) 1 0 0 0 1 0 0 0 1
(89) 1 0 0 0 1 0 1 0 0
(90) 1 0 0 0 1 1 0 0 0
(91) 1 0 0 0 1 1 1 0 0
(92) 1 0 1 0 0 0 0 0 0
(93) 1 0 1 0 0 0 0 0 1
(94) 1 0 1 0 0 0 1 0 0
(95) 1 0 1 0 0 1 0 0 0
(96) 1 0 1 0 0 1 0 0 1
(97) 1 0 1 0 1 0 0 1 0
(98) 1 0 1 0 1 0 1 1 1
(99) 1 0 1 0 1 1 0 1 0
(100) 1 1 0 1 0 0 0 0 0
(101) 1 1 0 1 0 0 0 0 1
(102) 1 1 0 1 0 0 0 1 0
(103) 1 1 0 1 0 0 1 0 0
(104) 1 1 0 1 0 0 1 1 1
(105) 1 1 0 1 0 1 0 0 0
(106) 1 1 0 1 0 1 0 1 0
(107) 1 1 0 1 1 0 0 0 0
(108) 1 1 0 1 1 0 1 0 0
(109) 1 1 0 1 1 1 0 0 1
(110) 1 1 1 1 0 0 0 0 0
(111) 1 1 1 1 0 0 0 0 1
(112) 1 1 1 1 0 1 1 0 0
(113) 1 1 1 1 1 0 0 1 0
(114) 1 1 1 1 1 1 1 1 1
