Overlap label/order: [[1, 2], [1, 6], [2, 3], [2, 5], [3, 4], [4, 5], [5, 6]]
Cycles:  [[1, 6, 5, 4, 3, 2], [1, 6, 5, 2], [2, 5, 4, 3]]
Dimension:  7
(1) 0 0 0 0 0 0 0
(2) 0 0 0 0 0 0 1
(3) 0 0 0 0 0 1 0
(4) 0 0 0 0 0 1 1
(5) 0 0 0 0 1 0 0
(6) 0 0 0 0 1 0 1
(7) 0 0 0 0 1 1 0
(8) 0 0 0 0 1 1 1
(9) 0 0 0 1 0 0 0
(10) 0 0 0 1 0 0 1
(11) 0 0 0 1 0 1 0
(12) 0 0 0 1 0 1 1
(13) 0 0 0 1 1 0 0
(14) 0 0 0 1 1 0 1
(15) 0 0 1 0 0 0 0
(16) 0 0 1 0 0 0 1
(17) 0 0 1 0 0 1 0
(18) 0 0 1 0 0 1 1
(19) 0 0 1 0 1 0 0
(20) 0 0 1 0 1 0 1
(21) 0 0 1 1 0 0 0
(22) 0 0 1 1 0 0 1
(23) 0 0 1 1 1 1 0
(24) 0 0 1 1 1 1 1
(25) 0 1 0 0 0 0 0
(26) 0 1 0 0 0 0 1
(27) 0 1 0 0 0 1 0
(28) 0 1 0 0 0 1 1
(29) 0 1 0 0 1 0 0
(30) 0 1 0 0 1 0 1
(31) 0 1 0 0 1 1 0
(32) 0 1 0 0 1 1 1
(33) 0 1 0 1 0 0 0
(34) 0 1 0 1 0 1 0
(35) 0 1 0 1 1 0 0
(36) 0 1 1 0 0 0 0
(37) 0 1 1 0 0 0 1
(38) 0 1 1 0 0 1 0
(39) 0 1 1 0 0 1 1
(40) 0 1 1 0 1 0 0
(41) 0 1 1 0 1 0 1
(42) 0 1 1 1 0 0 0
(43) 0 1 1 1 1 1 0
(44) 1 0 0 0 0 0 0
(45) 1 0 0 0 0 0 1
(46) 1 0 0 0 0 1 0
(47) 1 0 0 0 0 1 1
(48) 1 0 0 0 1 0 0
(49) 1 0 0 0 1 0 1
(50) 1 0 0 0 1 1 0
(51) 1 0 0 0 1 1 1
(52) 1 0 0 1 0 0 0
(53) 1 0 0 1 0 1 0
(54) 1 0 0 1 1 0 0
(55) 1 0 1 0 0 0 0
(56) 1 0 1 0 0 0 1
(57) 1 0 1 0 0 1 0
(58) 1 0 1 0 0 1 1
(59) 1 0 1 0 1 0 0
(60) 1 0 1 0 1 0 1
(61) 1 0 1 1 0 0 0
(62) 1 0 1 1 1 1 0
(63) 1 1 0 0 0 0 0
(64) 1 1 0 0 0 1 0
(65) 1 1 0 0 1 0 0
(66) 1 1 0 0 1 1 0
(67) 1 1 0 1 0 0 1
(68) 1 1 0 1 0 1 1
(69) 1 1 0 1 1 0 1
(70) 1 1 1 0 0 0 0
(71) 1 1 1 0 0 1 0
(72) 1 1 1 0 1 0 0
(73) 1 1 1 1 0 0 1
(74) 1 1 1 1 1 1 1
