Overlap label/order: [[1, 2], [1, 10], [2, 3], [2, 9], [3, 4], [3, 8], [4, 5], [4, 7], [5, 6], [6, 7], [7, 8], [8, 9], [9, 10]]
Cycles:  [[1, 10, 9, 8, 7, 6, 5, 4, 3, 2], [1, 10, 9, 8, 7, 4, 3, 2], [1, 10, 9, 8, 3, 2], [1, 10, 9, 2], [2, 9, 8, 7, 6, 5, 4, 3], [2, 9, 8, 7, 4, 3], [2, 9, 8, 3], [3, 8, 7, 6, 5, 4], [3, 8, 7, 4], [4, 7, 6, 5]]
Dimension:  13
(1) 0 0 0 0 0 0 0 0 0 0 0 0 0
(2) 0 0 0 0 0 0 0 0 0 0 0 0 1
(3) 0 0 0 0 0 0 0 0 0 0 0 1 0
(4) 0 0 0 0 0 0 0 0 0 0 0 1 1
(5) 0 0 0 0 0 0 0 0 0 0 1 0 0
(6) 0 0 0 0 0 0 0 0 0 0 1 0 1
(7) 0 0 0 0 0 0 0 0 0 0 1 1 0
(8) 0 0 0 0 0 0 0 0 0 0 1 1 1
(9) 0 0 0 0 0 0 0 0 0 1 0 0 0
(10) 0 0 0 0 0 0 0 0 0 1 0 0 1
(11) 0 0 0 0 0 0 0 0 0 1 0 1 0
(12) 0 0 0 0 0 0 0 0 0 1 0 1 1
(13) 0 0 0 0 0 0 0 0 0 1 1 0 0
(14) 0 0 0 0 0 0 0 0 0 1 1 0 1
(15) 0 0 0 0 0 0 0 0 0 1 1 1 0
(16) 0 0 0 0 0 0 0 0 0 1 1 1 1
(17) 0 0 0 0 0 0 0 0 1 0 0 0 0
(18) 0 0 0 0 0 0 0 0 1 0 0 0 1
(19) 0 0 0 0 0 0 0 0 1 0 0 1 0
(20) 0 0 0 0 0 0 0 0 1 0 0 1 1
(21) 0 0 0 0 0 0 0 0 1 0 1 0 0
(22) 0 0 0 0 0 0 0 0 1 0 1 0 1
(23) 0 0 0 0 0 0 0 0 1 0 1 1 0
(24) 0 0 0 0 0 0 0 0 1 0 1 1 1
(25) 0 0 0 0 0 0 0 0 1 1 0 0 0
(26) 0 0 0 0 0 0 0 0 1 1 0 0 1
(27) 0 0 0 0 0 0 0 0 1 1 0 1 0
(28) 0 0 0 0 0 0 0 0 1 1 0 1 1
(29) 0 0 0 0 0 0 0 0 1 1 1 0 0
(30) 0 0 0 0 0 0 0 0 1 1 1 0 1
(31) 0 0 0 0 0 0 0 0 1 1 1 1 0
(32) 0 0 0 0 0 0 0 0 1 1 1 1 1
(33) 0 0 0 0 0 0 0 1 0 0 0 0 0
(34) 0 0 0 0 0 0 0 1 0 0 0 0 1
(35) 0 0 0 0 0 0 0 1 0 0 0 1 0
(36) 0 0 0 0 0 0 0 1 0 0 0 1 1
(37) 0 0 0 0 0 0 0 1 0 0 1 0 0
(38) 0 0 0 0 0 0 0 1 0 0 1 0 1
(39) 0 0 0 0 0 0 0 1 0 0 1 1 0
(40) 0 0 0 0 0 0 0 1 0 0 1 1 1
(41) 0 0 0 0 0 0 0 1 0 1 0 0 0
(42) 0 0 0 0 0 0 0 1 0 1 0 0 1
(43) 0 0 0 0 0 0 0 1 0 1 0 1 0
(44) 0 0 0 0 0 0 0 1 0 1 0 1 1
(45) 0 0 0 0 0 0 0 1 0 1 1 0 0
(46) 0 0 0 0 0 0 0 1 0 1 1 0 1
(47) 0 0 0 0 0 0 0 1 0 1 1 1 0
(48) 0 0 0 0 0 0 0 1 0 1 1 1 1
(49) 0 0 0 0 0 0 0 1 1 0 0 0 0
(50) 0 0 0 0 0 0 0 1 1 0 0 0 1
(51) 0 0 0 0 0 0 0 1 1 0 0 1 0
(52) 0 0 0 0 0 0 0 1 1 0 0 1 1
(53) 0 0 0 0 0 0 0 1 1 0 1 0 0
(54) 0 0 0 0 0 0 0 1 1 0 1 0 1
(55) 0 0 0 0 0 0 0 1 1 0 1 1 0
(56) 0 0 0 0 0 0 0 1 1 0 1 1 1
(57) 0 0 0 0 0 0 1 0 0 0 0 0 0
(58) 0 0 0 0 0 0 1 0 0 0 0 0 1
(59) 0 0 0 0 0 0 1 0 0 0 0 1 0
(60) 0 0 0 0 0 0 1 0 0 0 0 1 1
(61) 0 0 0 0 0 0 1 0 0 0 1 0 0
(62) 0 0 0 0 0 0 1 0 0 0 1 0 1
(63) 0 0 0 0 0 0 1 0 0 0 1 1 0
(64) 0 0 0 0 0 0 1 0 0 0 1 1 1
(65) 0 0 0 0 0 0 1 0 0 1 0 0 0
(66) 0 0 0 0 0 0 1 0 0 1 0 0 1
(67) 0 0 0 0 0 0 1 0 0 1 0 1 0
(68) 0 0 0 0 0 0 1 0 0 1 0 1 1
(69) 0 0 0 0 0 0 1 0 0 1 1 0 0
(70) 0 0 0 0 0 0 1 0 0 1 1 0 1
(71) 0 0 0 0 0 0 1 0 0 1 1 1 0
(72) 0 0 0 0 0 0 1 0 0 1 1 1 1
(73) 0 0 0 0 0 0 1 0 1 0 0 0 0
(74) 0 0 0 0 0 0 1 0 1 0 0 0 1
(75) 0 0 0 0 0 0 1 0 1 0 0 1 0
(76) 0 0 0 0 0 0 1 0 1 0 0 1 1
(77) 0 0 0 0 0 0 1 0 1 0 1 0 0
(78) 0 0 0 0 0 0 1 0 1 0 1 0 1
(79) 0 0 0 0 0 0 1 0 1 0 1 1 0
(80) 0 0 0 0 0 0 1 0 1 0 1 1 1
(81) 0 0 0 0 0 0 1 1 0 0 0 0 0
(82) 0 0 0 0 0 0 1 1 0 0 0 0 1
(83) 0 0 0 0 0 0 1 1 0 0 0 1 0
(84) 0 0 0 0 0 0 1 1 0 0 0 1 1
(85) 0 0 0 0 0 0 1 1 0 0 1 0 0
(86) 0 0 0 0 0 0 1 1 0 0 1 0 1
(87) 0 0 0 0 0 0 1 1 0 0 1 1 0
(88) 0 0 0 0 0 0 1 1 0 0 1 1 1
(89) 0 0 0 0 0 0 1 1 1 1 0 0 0
(90) 0 0 0 0 0 0 1 1 1 1 0 0 1
(91) 0 0 0 0 0 0 1 1 1 1 0 1 0
(92) 0 0 0 0 0 0 1 1 1 1 0 1 1
(93) 0 0 0 0 0 0 1 1 1 1 1 0 0
(94) 0 0 0 0 0 0 1 1 1 1 1 0 1
(95) 0 0 0 0 0 0 1 1 1 1 1 1 0
(96) 0 0 0 0 0 0 1 1 1 1 1 1 1
(97) 0 0 0 0 0 1 0 0 0 0 0 0 0
(98) 0 0 0 0 0 1 0 0 0 0 0 0 1
(99) 0 0 0 0 0 1 0 0 0 0 0 1 0
(100) 0 0 0 0 0 1 0 0 0 0 0 1 1
(101) 0 0 0 0 0 1 0 0 0 0 1 0 0
(102) 0 0 0 0 0 1 0 0 0 0 1 0 1
(103) 0 0 0 0 0 1 0 0 0 0 1 1 0
(104) 0 0 0 0 0 1 0 0 0 0 1 1 1
(105) 0 0 0 0 0 1 0 0 0 1 0 0 0
(106) 0 0 0 0 0 1 0 0 0 1 0 0 1
(107) 0 0 0 0 0 1 0 0 0 1 0 1 0
(108) 0 0 0 0 0 1 0 0 0 1 0 1 1
(109) 0 0 0 0 0 1 0 0 0 1 1 0 0
(110) 0 0 0 0 0 1 0 0 0 1 1 0 1
(111) 0 0 0 0 0 1 0 0 0 1 1 1 0
(112) 0 0 0 0 0 1 0 0 0 1 1 1 1
(113) 0 0 0 0 0 1 0 0 1 0 0 0 0
(114) 0 0 0 0 0 1 0 0 1 0 0 0 1
(115) 0 0 0 0 0 1 0 0 1 0 0 1 0
(116) 0 0 0 0 0 1 0 0 1 0 0 1 1
(117) 0 0 0 0 0 1 0 0 1 0 1 0 0
(118) 0 0 0 0 0 1 0 0 1 0 1 0 1
(119) 0 0 0 0 0 1 0 0 1 0 1 1 0
(120) 0 0 0 0 0 1 0 0 1 0 1 1 1
(121) 0 0 0 0 0 1 0 0 1 1 0 0 0
(122) 0 0 0 0 0 1 0 0 1 1 0 0 1
(123) 0 0 0 0 0 1 0 0 1 1 0 1 0
(124) 0 0 0 0 0 1 0 0 1 1 0 1 1
(125) 0 0 0 0 0 1 0 0 1 1 1 0 0
(126) 0 0 0 0 0 1 0 0 1 1 1 0 1
(127) 0 0 0 0 0 1 0 0 1 1 1 1 0
(128) 0 0 0 0 0 1 0 0 1 1 1 1 1
(129) 0 0 0 0 0 1 0 1 0 0 0 0 0
(130) 0 0 0 0 0 1 0 1 0 0 0 0 1
(131) 0 0 0 0 0 1 0 1 0 0 0 1 0
(132) 0 0 0 0 0 1 0 1 0 0 0 1 1
(133) 0 0 0 0 0 1 0 1 0 1 0 0 0
(134) 0 0 0 0 0 1 0 1 0 1 0 0 1
(135) 0 0 0 0 0 1 0 1 0 1 0 1 0
(136) 0 0 0 0 0 1 0 1 0 1 0 1 1
(137) 0 0 0 0 0 1 0 1 1 0 0 0 0
(138) 0 0 0 0 0 1 0 1 1 0 0 0 1
(139) 0 0 0 0 0 1 0 1 1 0 0 1 0
(140) 0 0 0 0 0 1 0 1 1 0 0 1 1
(141) 0 0 0 0 0 1 1 0 0 0 0 0 0
(142) 0 0 0 0 0 1 1 0 0 0 0 0 1
(143) 0 0 0 0 0 1 1 0 0 0 0 1 0
(144) 0 0 0 0 0 1 1 0 0 0 0 1 1
(145) 0 0 0 0 0 1 1 0 0 0 1 0 0
(146) 0 0 0 0 0 1 1 0 0 0 1 0 1
(147) 0 0 0 0 0 1 1 0 0 0 1 1 0
(148) 0 0 0 0 0 1 1 0 0 0 1 1 1
(149) 0 0 0 0 0 1 1 0 0 1 0 0 0
(150) 0 0 0 0 0 1 1 0 0 1 0 0 1
(151) 0 0 0 0 0 1 1 0 0 1 0 1 0
(152) 0 0 0 0 0 1 1 0 0 1 0 1 1
(153) 0 0 0 0 0 1 1 0 0 1 1 0 0
(154) 0 0 0 0 0 1 1 0 0 1 1 0 1
(155) 0 0 0 0 0 1 1 0 0 1 1 1 0
(156) 0 0 0 0 0 1 1 0 0 1 1 1 1
(157) 0 0 0 0 0 1 1 0 1 0 0 0 0
(158) 0 0 0 0 0 1 1 0 1 0 0 0 1
(159) 0 0 0 0 0 1 1 0 1 0 0 1 0
(160) 0 0 0 0 0 1 1 0 1 0 0 1 1
(161) 0 0 0 0 0 1 1 0 1 0 1 0 0
(162) 0 0 0 0 0 1 1 0 1 0 1 0 1
(163) 0 0 0 0 0 1 1 0 1 0 1 1 0
(164) 0 0 0 0 0 1 1 0 1 0 1 1 1
(165) 0 0 0 0 0 1 1 1 0 0 0 0 0
(166) 0 0 0 0 0 1 1 1 0 0 0 0 1
(167) 0 0 0 0 0 1 1 1 0 0 0 1 0
(168) 0 0 0 0 0 1 1 1 0 0 0 1 1
(169) 0 0 0 0 0 1 1 1 1 1 0 0 0
(170) 0 0 0 0 0 1 1 1 1 1 0 0 1
(171) 0 0 0 0 0 1 1 1 1 1 0 1 0
(172) 0 0 0 0 0 1 1 1 1 1 0 1 1
(173) 0 0 0 0 1 0 0 0 0 0 0 0 0
(174) 0 0 0 0 1 0 0 0 0 0 0 0 1
(175) 0 0 0 0 1 0 0 0 0 0 0 1 0
(176) 0 0 0 0 1 0 0 0 0 0 0 1 1
(177) 0 0 0 0 1 0 0 0 0 0 1 0 0
(178) 0 0 0 0 1 0 0 0 0 0 1 0 1
(179) 0 0 0 0 1 0 0 0 0 0 1 1 0
(180) 0 0 0 0 1 0 0 0 0 0 1 1 1
(181) 0 0 0 0 1 0 0 0 0 1 0 0 0
(182) 0 0 0 0 1 0 0 0 0 1 0 0 1
(183) 0 0 0 0 1 0 0 0 0 1 0 1 0
(184) 0 0 0 0 1 0 0 0 0 1 0 1 1
(185) 0 0 0 0 1 0 0 0 0 1 1 0 0
(186) 0 0 0 0 1 0 0 0 0 1 1 0 1
(187) 0 0 0 0 1 0 0 0 0 1 1 1 0
(188) 0 0 0 0 1 0 0 0 0 1 1 1 1
(189) 0 0 0 0 1 0 0 0 1 0 0 0 0
(190) 0 0 0 0 1 0 0 0 1 0 0 0 1
(191) 0 0 0 0 1 0 0 0 1 0 0 1 0
(192) 0 0 0 0 1 0 0 0 1 0 0 1 1
(193) 0 0 0 0 1 0 0 0 1 0 1 0 0
(194) 0 0 0 0 1 0 0 0 1 0 1 0 1
(195) 0 0 0 0 1 0 0 0 1 0 1 1 0
(196) 0 0 0 0 1 0 0 0 1 0 1 1 1
(197) 0 0 0 0 1 0 0 0 1 1 0 0 0
(198) 0 0 0 0 1 0 0 0 1 1 0 0 1
(199) 0 0 0 0 1 0 0 0 1 1 0 1 0
(200) 0 0 0 0 1 0 0 0 1 1 0 1 1
(201) 0 0 0 0 1 0 0 0 1 1 1 0 0
(202) 0 0 0 0 1 0 0 0 1 1 1 0 1
(203) 0 0 0 0 1 0 0 0 1 1 1 1 0
(204) 0 0 0 0 1 0 0 0 1 1 1 1 1
(205) 0 0 0 0 1 0 0 1 0 0 0 0 0
(206) 0 0 0 0 1 0 0 1 0 0 0 0 1
(207) 0 0 0 0 1 0 0 1 0 0 0 1 0
(208) 0 0 0 0 1 0 0 1 0 0 0 1 1
(209) 0 0 0 0 1 0 0 1 0 1 0 0 0
(210) 0 0 0 0 1 0 0 1 0 1 0 0 1
(211) 0 0 0 0 1 0 0 1 0 1 0 1 0
(212) 0 0 0 0 1 0 0 1 0 1 0 1 1
(213) 0 0 0 0 1 0 0 1 1 0 0 0 0
(214) 0 0 0 0 1 0 0 1 1 0 0 0 1
(215) 0 0 0 0 1 0 0 1 1 0 0 1 0
(216) 0 0 0 0 1 0 0 1 1 0 0 1 1
(217) 0 0 0 0 1 0 1 0 0 0 0 0 0
(218) 0 0 0 0 1 0 1 0 0 0 0 0 1
(219) 0 0 0 0 1 0 1 0 0 0 0 1 0
(220) 0 0 0 0 1 0 1 0 0 0 0 1 1
(221) 0 0 0 0 1 0 1 0 0 0 1 0 0
(222) 0 0 0 0 1 0 1 0 0 0 1 0 1
(223) 0 0 0 0 1 0 1 0 0 0 1 1 0
(224) 0 0 0 0 1 0 1 0 0 0 1 1 1
(225) 0 0 0 0 1 0 1 0 0 1 0 0 0
(226) 0 0 0 0 1 0 1 0 0 1 0 0 1
(227) 0 0 0 0 1 0 1 0 0 1 0 1 0
(228) 0 0 0 0 1 0 1 0 0 1 0 1 1
(229) 0 0 0 0 1 0 1 0 0 1 1 0 0
(230) 0 0 0 0 1 0 1 0 0 1 1 0 1
(231) 0 0 0 0 1 0 1 0 0 1 1 1 0
(232) 0 0 0 0 1 0 1 0 0 1 1 1 1
(233) 0 0 0 0 1 0 1 0 1 0 0 0 0
(234) 0 0 0 0 1 0 1 0 1 0 0 0 1
(235) 0 0 0 0 1 0 1 0 1 0 0 1 0
(236) 0 0 0 0 1 0 1 0 1 0 0 1 1
(237) 0 0 0 0 1 0 1 0 1 0 1 0 0
(238) 0 0 0 0 1 0 1 0 1 0 1 0 1
(239) 0 0 0 0 1 0 1 0 1 0 1 1 0
(240) 0 0 0 0 1 0 1 0 1 0 1 1 1
(241) 0 0 0 0 1 0 1 1 0 0 0 0 0
(242) 0 0 0 0 1 0 1 1 0 0 0 0 1
(243) 0 0 0 0 1 0 1 1 0 0 0 1 0
(244) 0 0 0 0 1 0 1 1 0 0 0 1 1
(245) 0 0 0 0 1 0 1 1 1 1 0 0 0
(246) 0 0 0 0 1 0 1 1 1 1 0 0 1
(247) 0 0 0 0 1 0 1 1 1 1 0 1 0
(248) 0 0 0 0 1 0 1 1 1 1 0 1 1
(249) 0 0 0 0 1 1 0 0 0 0 0 0 0
(250) 0 0 0 0 1 1 0 0 0 0 0 0 1
(251) 0 0 0 0 1 1 0 0 0 0 0 1 0
(252) 0 0 0 0 1 1 0 0 0 0 0 1 1
(253) 0 0 0 0 1 1 0 0 0 1 0 0 0
(254) 0 0 0 0 1 1 0 0 0 1 0 0 1
(255) 0 0 0 0 1 1 0 0 0 1 0 1 0
(256) 0 0 0 0 1 1 0 0 0 1 0 1 1
(257) 0 0 0 0 1 1 0 0 1 0 0 0 0
(258) 0 0 0 0 1 1 0 0 1 0 0 0 1
(259) 0 0 0 0 1 1 0 0 1 0 0 1 0
(260) 0 0 0 0 1 1 0 0 1 0 0 1 1
(261) 0 0 0 0 1 1 0 0 1 1 0 0 0
(262) 0 0 0 0 1 1 0 0 1 1 0 0 1
(263) 0 0 0 0 1 1 0 0 1 1 0 1 0
(264) 0 0 0 0 1 1 0 0 1 1 0 1 1
(265) 0 0 0 0 1 1 0 1 0 0 1 0 0
(266) 0 0 0 0 1 1 0 1 0 0 1 0 1
(267) 0 0 0 0 1 1 0 1 0 0 1 1 0
(268) 0 0 0 0 1 1 0 1 0 0 1 1 1
(269) 0 0 0 0 1 1 0 1 0 1 1 0 0
(270) 0 0 0 0 1 1 0 1 0 1 1 0 1
(271) 0 0 0 0 1 1 0 1 0 1 1 1 0
(272) 0 0 0 0 1 1 0 1 0 1 1 1 1
(273) 0 0 0 0 1 1 0 1 1 0 1 0 0
(274) 0 0 0 0 1 1 0 1 1 0 1 0 1
(275) 0 0 0 0 1 1 0 1 1 0 1 1 0
(276) 0 0 0 0 1 1 0 1 1 0 1 1 1
(277) 0 0 0 0 1 1 1 0 0 0 0 0 0
(278) 0 0 0 0 1 1 1 0 0 0 0 0 1
(279) 0 0 0 0 1 1 1 0 0 0 0 1 0
(280) 0 0 0 0 1 1 1 0 0 0 0 1 1
(281) 0 0 0 0 1 1 1 0 0 1 0 0 0
(282) 0 0 0 0 1 1 1 0 0 1 0 0 1
(283) 0 0 0 0 1 1 1 0 0 1 0 1 0
(284) 0 0 0 0 1 1 1 0 0 1 0 1 1
(285) 0 0 0 0 1 1 1 0 1 0 0 0 0
(286) 0 0 0 0 1 1 1 0 1 0 0 0 1
(287) 0 0 0 0 1 1 1 0 1 0 0 1 0
(288) 0 0 0 0 1 1 1 0 1 0 0 1 1
(289) 0 0 0 0 1 1 1 1 0 0 1 0 0
(290) 0 0 0 0 1 1 1 1 0 0 1 0 1
(291) 0 0 0 0 1 1 1 1 0 0 1 1 0
(292) 0 0 0 0 1 1 1 1 0 0 1 1 1
(293) 0 0 0 0 1 1 1 1 1 1 1 0 0
(294) 0 0 0 0 1 1 1 1 1 1 1 0 1
(295) 0 0 0 0 1 1 1 1 1 1 1 1 0
(296) 0 0 0 0 1 1 1 1 1 1 1 1 1
(297) 0 0 0 1 0 0 0 0 0 0 0 0 0
(298) 0 0 0 1 0 0 0 0 0 0 0 0 1
(299) 0 0 0 1 0 0 0 0 0 0 0 1 0
(300) 0 0 0 1 0 0 0 0 0 0 0 1 1
(301) 0 0 0 1 0 0 0 0 0 0 1 0 0
(302) 0 0 0 1 0 0 0 0 0 0 1 0 1
(303) 0 0 0 1 0 0 0 0 0 0 1 1 0
(304) 0 0 0 1 0 0 0 0 0 0 1 1 1
(305) 0 0 0 1 0 0 0 0 0 1 0 0 0
(306) 0 0 0 1 0 0 0 0 0 1 0 0 1
(307) 0 0 0 1 0 0 0 0 0 1 0 1 0
(308) 0 0 0 1 0 0 0 0 0 1 0 1 1
(309) 0 0 0 1 0 0 0 0 0 1 1 0 0
(310) 0 0 0 1 0 0 0 0 0 1 1 0 1
(311) 0 0 0 1 0 0 0 0 0 1 1 1 0
(312) 0 0 0 1 0 0 0 0 0 1 1 1 1
(313) 0 0 0 1 0 0 0 0 1 0 0 0 0
(314) 0 0 0 1 0 0 0 0 1 0 0 0 1
(315) 0 0 0 1 0 0 0 0 1 0 0 1 0
(316) 0 0 0 1 0 0 0 0 1 0 0 1 1
(317) 0 0 0 1 0 0 0 0 1 0 1 0 0
(318) 0 0 0 1 0 0 0 0 1 0 1 0 1
(319) 0 0 0 1 0 0 0 0 1 0 1 1 0
(320) 0 0 0 1 0 0 0 0 1 0 1 1 1
(321) 0 0 0 1 0 0 0 0 1 1 0 0 0
(322) 0 0 0 1 0 0 0 0 1 1 0 0 1
(323) 0 0 0 1 0 0 0 0 1 1 0 1 0
(324) 0 0 0 1 0 0 0 0 1 1 0 1 1
(325) 0 0 0 1 0 0 0 0 1 1 1 0 0
(326) 0 0 0 1 0 0 0 0 1 1 1 0 1
(327) 0 0 0 1 0 0 0 0 1 1 1 1 0
(328) 0 0 0 1 0 0 0 0 1 1 1 1 1
(329) 0 0 0 1 0 0 0 1 0 0 0 0 0
(330) 0 0 0 1 0 0 0 1 0 0 0 0 1
(331) 0 0 0 1 0 0 0 1 0 0 0 1 0
(332) 0 0 0 1 0 0 0 1 0 0 0 1 1
(333) 0 0 0 1 0 0 0 1 0 0 1 0 0
(334) 0 0 0 1 0 0 0 1 0 0 1 0 1
(335) 0 0 0 1 0 0 0 1 0 0 1 1 0
(336) 0 0 0 1 0 0 0 1 0 0 1 1 1
(337) 0 0 0 1 0 0 0 1 0 1 0 0 0
(338) 0 0 0 1 0 0 0 1 0 1 0 0 1
(339) 0 0 0 1 0 0 0 1 0 1 0 1 0
(340) 0 0 0 1 0 0 0 1 0 1 0 1 1
(341) 0 0 0 1 0 0 0 1 0 1 1 0 0
(342) 0 0 0 1 0 0 0 1 0 1 1 0 1
(343) 0 0 0 1 0 0 0 1 0 1 1 1 0
(344) 0 0 0 1 0 0 0 1 0 1 1 1 1
(345) 0 0 0 1 0 0 0 1 1 0 0 0 0
(346) 0 0 0 1 0 0 0 1 1 0 0 0 1
(347) 0 0 0 1 0 0 0 1 1 0 0 1 0
(348) 0 0 0 1 0 0 0 1 1 0 0 1 1
(349) 0 0 0 1 0 0 0 1 1 0 1 0 0
(350) 0 0 0 1 0 0 0 1 1 0 1 0 1
(351) 0 0 0 1 0 0 0 1 1 0 1 1 0
(352) 0 0 0 1 0 0 0 1 1 0 1 1 1
(353) 0 0 0 1 0 0 1 0 0 0 0 0 0
(354) 0 0 0 1 0 0 1 0 0 0 0 0 1
(355) 0 0 0 1 0 0 1 0 0 0 0 1 0
(356) 0 0 0 1 0 0 1 0 0 0 0 1 1
(357) 0 0 0 1 0 0 1 0 0 0 1 0 0
(358) 0 0 0 1 0 0 1 0 0 0 1 0 1
(359) 0 0 0 1 0 0 1 0 0 0 1 1 0
(360) 0 0 0 1 0 0 1 0 0 0 1 1 1
(361) 0 0 0 1 0 0 1 0 0 1 0 0 0
(362) 0 0 0 1 0 0 1 0 0 1 0 0 1
(363) 0 0 0 1 0 0 1 0 0 1 0 1 0
(364) 0 0 0 1 0 0 1 0 0 1 0 1 1
(365) 0 0 0 1 0 0 1 0 0 1 1 0 0
(366) 0 0 0 1 0 0 1 0 0 1 1 0 1
(367) 0 0 0 1 0 0 1 0 0 1 1 1 0
(368) 0 0 0 1 0 0 1 0 0 1 1 1 1
(369) 0 0 0 1 0 0 1 0 1 0 0 0 0
(370) 0 0 0 1 0 0 1 0 1 0 0 0 1
(371) 0 0 0 1 0 0 1 0 1 0 0 1 0
(372) 0 0 0 1 0 0 1 0 1 0 0 1 1
(373) 0 0 0 1 0 0 1 0 1 0 1 0 0
(374) 0 0 0 1 0 0 1 0 1 0 1 0 1
(375) 0 0 0 1 0 0 1 0 1 0 1 1 0
(376) 0 0 0 1 0 0 1 0 1 0 1 1 1
(377) 0 0 0 1 0 0 1 1 0 0 0 0 0
(378) 0 0 0 1 0 0 1 1 0 0 0 0 1
(379) 0 0 0 1 0 0 1 1 0 0 0 1 0
(380) 0 0 0 1 0 0 1 1 0 0 0 1 1
(381) 0 0 0 1 0 0 1 1 0 0 1 0 0
(382) 0 0 0 1 0 0 1 1 0 0 1 0 1
(383) 0 0 0 1 0 0 1 1 0 0 1 1 0
(384) 0 0 0 1 0 0 1 1 0 0 1 1 1
(385) 0 0 0 1 0 0 1 1 1 1 0 0 0
(386) 0 0 0 1 0 0 1 1 1 1 0 0 1
(387) 0 0 0 1 0 0 1 1 1 1 0 1 0
(388) 0 0 0 1 0 0 1 1 1 1 0 1 1
(389) 0 0 0 1 0 0 1 1 1 1 1 0 0
(390) 0 0 0 1 0 0 1 1 1 1 1 0 1
(391) 0 0 0 1 0 0 1 1 1 1 1 1 0
(392) 0 0 0 1 0 0 1 1 1 1 1 1 1
(393) 0 0 0 1 0 1 0 0 0 0 0 0 0
(394) 0 0 0 1 0 1 0 0 0 0 0 0 1
(395) 0 0 0 1 0 1 0 0 0 0 1 0 0
(396) 0 0 0 1 0 1 0 0 0 0 1 0 1
(397) 0 0 0 1 0 1 0 0 0 1 0 0 0
(398) 0 0 0 1 0 1 0 0 0 1 0 0 1
(399) 0 0 0 1 0 1 0 0 0 1 1 0 0
(400) 0 0 0 1 0 1 0 0 0 1 1 0 1
(401) 0 0 0 1 0 1 0 0 1 0 0 0 0
(402) 0 0 0 1 0 1 0 0 1 0 0 0 1
(403) 0 0 0 1 0 1 0 0 1 0 1 0 0
(404) 0 0 0 1 0 1 0 0 1 0 1 0 1
(405) 0 0 0 1 0 1 0 0 1 1 0 0 0
(406) 0 0 0 1 0 1 0 0 1 1 0 0 1
(407) 0 0 0 1 0 1 0 0 1 1 1 0 0
(408) 0 0 0 1 0 1 0 0 1 1 1 0 1
(409) 0 0 0 1 0 1 0 1 0 0 0 0 0
(410) 0 0 0 1 0 1 0 1 0 0 0 0 1
(411) 0 0 0 1 0 1 0 1 0 1 0 0 0
(412) 0 0 0 1 0 1 0 1 0 1 0 0 1
(413) 0 0 0 1 0 1 0 1 1 0 0 0 0
(414) 0 0 0 1 0 1 0 1 1 0 0 0 1
(415) 0 0 0 1 0 1 1 0 0 0 0 0 0
(416) 0 0 0 1 0 1 1 0 0 0 0 0 1
(417) 0 0 0 1 0 1 1 0 0 0 1 0 0
(418) 0 0 0 1 0 1 1 0 0 0 1 0 1
(419) 0 0 0 1 0 1 1 0 0 1 0 0 0
(420) 0 0 0 1 0 1 1 0 0 1 0 0 1
(421) 0 0 0 1 0 1 1 0 0 1 1 0 0
(422) 0 0 0 1 0 1 1 0 0 1 1 0 1
(423) 0 0 0 1 0 1 1 0 1 0 0 0 0
(424) 0 0 0 1 0 1 1 0 1 0 0 0 1
(425) 0 0 0 1 0 1 1 0 1 0 1 0 0
(426) 0 0 0 1 0 1 1 0 1 0 1 0 1
(427) 0 0 0 1 0 1 1 1 0 0 0 0 0
(428) 0 0 0 1 0 1 1 1 0 0 0 0 1
(429) 0 0 0 1 0 1 1 1 1 1 0 0 0
(430) 0 0 0 1 0 1 1 1 1 1 0 0 1
(431) 0 0 0 1 1 0 0 0 0 0 0 0 0
(432) 0 0 0 1 1 0 0 0 0 0 0 0 1
(433) 0 0 0 1 1 0 0 0 0 0 0 1 0
(434) 0 0 0 1 1 0 0 0 0 0 0 1 1
(435) 0 0 0 1 1 0 0 0 0 0 1 0 0
(436) 0 0 0 1 1 0 0 0 0 0 1 0 1
(437) 0 0 0 1 1 0 0 0 0 0 1 1 0
(438) 0 0 0 1 1 0 0 0 0 0 1 1 1
(439) 0 0 0 1 1 0 0 0 0 1 0 0 0
(440) 0 0 0 1 1 0 0 0 0 1 0 0 1
(441) 0 0 0 1 1 0 0 0 0 1 0 1 0
(442) 0 0 0 1 1 0 0 0 0 1 0 1 1
(443) 0 0 0 1 1 0 0 0 0 1 1 0 0
(444) 0 0 0 1 1 0 0 0 0 1 1 0 1
(445) 0 0 0 1 1 0 0 0 0 1 1 1 0
(446) 0 0 0 1 1 0 0 0 0 1 1 1 1
(447) 0 0 0 1 1 0 0 0 1 0 0 0 0
(448) 0 0 0 1 1 0 0 0 1 0 0 0 1
(449) 0 0 0 1 1 0 0 0 1 0 0 1 0
(450) 0 0 0 1 1 0 0 0 1 0 0 1 1
(451) 0 0 0 1 1 0 0 0 1 0 1 0 0
(452) 0 0 0 1 1 0 0 0 1 0 1 0 1
(453) 0 0 0 1 1 0 0 0 1 0 1 1 0
(454) 0 0 0 1 1 0 0 0 1 0 1 1 1
(455) 0 0 0 1 1 0 0 0 1 1 0 0 0
(456) 0 0 0 1 1 0 0 0 1 1 0 0 1
(457) 0 0 0 1 1 0 0 0 1 1 0 1 0
(458) 0 0 0 1 1 0 0 0 1 1 0 1 1
(459) 0 0 0 1 1 0 0 0 1 1 1 0 0
(460) 0 0 0 1 1 0 0 0 1 1 1 0 1
(461) 0 0 0 1 1 0 0 0 1 1 1 1 0
(462) 0 0 0 1 1 0 0 0 1 1 1 1 1
(463) 0 0 0 1 1 0 0 1 0 0 0 0 0
(464) 0 0 0 1 1 0 0 1 0 0 0 0 1
(465) 0 0 0 1 1 0 0 1 0 0 0 1 0
(466) 0 0 0 1 1 0 0 1 0 0 0 1 1
(467) 0 0 0 1 1 0 0 1 0 1 0 0 0
(468) 0 0 0 1 1 0 0 1 0 1 0 0 1
(469) 0 0 0 1 1 0 0 1 0 1 0 1 0
(470) 0 0 0 1 1 0 0 1 0 1 0 1 1
(471) 0 0 0 1 1 0 0 1 1 0 0 0 0
(472) 0 0 0 1 1 0 0 1 1 0 0 0 1
(473) 0 0 0 1 1 0 0 1 1 0 0 1 0
(474) 0 0 0 1 1 0 0 1 1 0 0 1 1
(475) 0 0 0 1 1 0 1 0 0 0 0 0 0
(476) 0 0 0 1 1 0 1 0 0 0 0 0 1
(477) 0 0 0 1 1 0 1 0 0 0 0 1 0
(478) 0 0 0 1 1 0 1 0 0 0 0 1 1
(479) 0 0 0 1 1 0 1 0 0 0 1 0 0
(480) 0 0 0 1 1 0 1 0 0 0 1 0 1
(481) 0 0 0 1 1 0 1 0 0 0 1 1 0
(482) 0 0 0 1 1 0 1 0 0 0 1 1 1
(483) 0 0 0 1 1 0 1 0 0 1 0 0 0
(484) 0 0 0 1 1 0 1 0 0 1 0 0 1
(485) 0 0 0 1 1 0 1 0 0 1 0 1 0
(486) 0 0 0 1 1 0 1 0 0 1 0 1 1
(487) 0 0 0 1 1 0 1 0 0 1 1 0 0
(488) 0 0 0 1 1 0 1 0 0 1 1 0 1
(489) 0 0 0 1 1 0 1 0 0 1 1 1 0
(490) 0 0 0 1 1 0 1 0 0 1 1 1 1
(491) 0 0 0 1 1 0 1 0 1 0 0 0 0
(492) 0 0 0 1 1 0 1 0 1 0 0 0 1
(493) 0 0 0 1 1 0 1 0 1 0 0 1 0
(494) 0 0 0 1 1 0 1 0 1 0 0 1 1
(495) 0 0 0 1 1 0 1 0 1 0 1 0 0
(496) 0 0 0 1 1 0 1 0 1 0 1 0 1
(497) 0 0 0 1 1 0 1 0 1 0 1 1 0
(498) 0 0 0 1 1 0 1 0 1 0 1 1 1
(499) 0 0 0 1 1 0 1 1 0 0 0 0 0
(500) 0 0 0 1 1 0 1 1 0 0 0 0 1
(501) 0 0 0 1 1 0 1 1 0 0 0 1 0
(502) 0 0 0 1 1 0 1 1 0 0 0 1 1
(503) 0 0 0 1 1 0 1 1 1 1 0 0 0
(504) 0 0 0 1 1 0 1 1 1 1 0 0 1
(505) 0 0 0 1 1 0 1 1 1 1 0 1 0
(506) 0 0 0 1 1 0 1 1 1 1 0 1 1
(507) 0 0 0 1 1 1 0 0 0 0 0 0 0
(508) 0 0 0 1 1 1 0 0 0 0 0 0 1
(509) 0 0 0 1 1 1 0 0 0 1 0 0 0
(510) 0 0 0 1 1 1 0 0 0 1 0 0 1
(511) 0 0 0 1 1 1 0 0 1 0 0 0 0
(512) 0 0 0 1 1 1 0 0 1 0 0 0 1
(513) 0 0 0 1 1 1 0 0 1 1 0 0 0
(514) 0 0 0 1 1 1 0 0 1 1 0 0 1
(515) 0 0 0 1 1 1 0 1 0 0 1 0 0
(516) 0 0 0 1 1 1 0 1 0 0 1 0 1
(517) 0 0 0 1 1 1 0 1 0 1 1 0 0
(518) 0 0 0 1 1 1 0 1 0 1 1 0 1
(519) 0 0 0 1 1 1 0 1 1 0 1 0 0
(520) 0 0 0 1 1 1 0 1 1 0 1 0 1
(521) 0 0 0 1 1 1 1 0 0 0 0 0 0
(522) 0 0 0 1 1 1 1 0 0 0 0 0 1
(523) 0 0 0 1 1 1 1 0 0 1 0 0 0
(524) 0 0 0 1 1 1 1 0 0 1 0 0 1
(525) 0 0 0 1 1 1 1 0 1 0 0 0 0
(526) 0 0 0 1 1 1 1 0 1 0 0 0 1
(527) 0 0 0 1 1 1 1 1 0 0 1 0 0
(528) 0 0 0 1 1 1 1 1 0 0 1 0 1
(529) 0 0 0 1 1 1 1 1 1 1 1 0 0
(530) 0 0 0 1 1 1 1 1 1 1 1 0 1
(531) 0 0 1 0 0 0 0 0 0 0 0 0 0
(532) 0 0 1 0 0 0 0 0 0 0 0 0 1
(533) 0 0 1 0 0 0 0 0 0 0 0 1 0
(534) 0 0 1 0 0 0 0 0 0 0 0 1 1
(535) 0 0 1 0 0 0 0 0 0 0 1 0 0
(536) 0 0 1 0 0 0 0 0 0 0 1 0 1
(537) 0 0 1 0 0 0 0 0 0 0 1 1 0
(538) 0 0 1 0 0 0 0 0 0 0 1 1 1
(539) 0 0 1 0 0 0 0 0 0 1 0 0 0
(540) 0 0 1 0 0 0 0 0 0 1 0 0 1
(541) 0 0 1 0 0 0 0 0 0 1 0 1 0
(542) 0 0 1 0 0 0 0 0 0 1 0 1 1
(543) 0 0 1 0 0 0 0 0 0 1 1 0 0
(544) 0 0 1 0 0 0 0 0 0 1 1 0 1
(545) 0 0 1 0 0 0 0 0 0 1 1 1 0
(546) 0 0 1 0 0 0 0 0 0 1 1 1 1
(547) 0 0 1 0 0 0 0 0 1 0 0 0 0
(548) 0 0 1 0 0 0 0 0 1 0 0 0 1
(549) 0 0 1 0 0 0 0 0 1 0 0 1 0
(550) 0 0 1 0 0 0 0 0 1 0 0 1 1
(551) 0 0 1 0 0 0 0 0 1 0 1 0 0
(552) 0 0 1 0 0 0 0 0 1 0 1 0 1
(553) 0 0 1 0 0 0 0 0 1 0 1 1 0
(554) 0 0 1 0 0 0 0 0 1 0 1 1 1
(555) 0 0 1 0 0 0 0 0 1 1 0 0 0
(556) 0 0 1 0 0 0 0 0 1 1 0 0 1
(557) 0 0 1 0 0 0 0 0 1 1 0 1 0
(558) 0 0 1 0 0 0 0 0 1 1 0 1 1
(559) 0 0 1 0 0 0 0 0 1 1 1 0 0
(560) 0 0 1 0 0 0 0 0 1 1 1 0 1
(561) 0 0 1 0 0 0 0 0 1 1 1 1 0
(562) 0 0 1 0 0 0 0 0 1 1 1 1 1
(563) 0 0 1 0 0 0 0 1 0 0 0 0 0
(564) 0 0 1 0 0 0 0 1 0 0 0 0 1
(565) 0 0 1 0 0 0 0 1 0 0 0 1 0
(566) 0 0 1 0 0 0 0 1 0 0 0 1 1
(567) 0 0 1 0 0 0 0 1 0 0 1 0 0
(568) 0 0 1 0 0 0 0 1 0 0 1 0 1
(569) 0 0 1 0 0 0 0 1 0 0 1 1 0
(570) 0 0 1 0 0 0 0 1 0 0 1 1 1
(571) 0 0 1 0 0 0 0 1 0 1 0 0 0
(572) 0 0 1 0 0 0 0 1 0 1 0 0 1
(573) 0 0 1 0 0 0 0 1 0 1 0 1 0
(574) 0 0 1 0 0 0 0 1 0 1 0 1 1
(575) 0 0 1 0 0 0 0 1 0 1 1 0 0
(576) 0 0 1 0 0 0 0 1 0 1 1 0 1
(577) 0 0 1 0 0 0 0 1 0 1 1 1 0
(578) 0 0 1 0 0 0 0 1 0 1 1 1 1
(579) 0 0 1 0 0 0 0 1 1 0 0 0 0
(580) 0 0 1 0 0 0 0 1 1 0 0 0 1
(581) 0 0 1 0 0 0 0 1 1 0 0 1 0
(582) 0 0 1 0 0 0 0 1 1 0 0 1 1
(583) 0 0 1 0 0 0 0 1 1 0 1 0 0
(584) 0 0 1 0 0 0 0 1 1 0 1 0 1
(585) 0 0 1 0 0 0 0 1 1 0 1 1 0
(586) 0 0 1 0 0 0 0 1 1 0 1 1 1
(587) 0 0 1 0 0 0 1 0 0 0 0 0 0
(588) 0 0 1 0 0 0 1 0 0 0 0 0 1
(589) 0 0 1 0 0 0 1 0 0 0 0 1 0
(590) 0 0 1 0 0 0 1 0 0 0 0 1 1
(591) 0 0 1 0 0 0 1 0 0 0 1 0 0
(592) 0 0 1 0 0 0 1 0 0 0 1 0 1
(593) 0 0 1 0 0 0 1 0 0 0 1 1 0
(594) 0 0 1 0 0 0 1 0 0 0 1 1 1
(595) 0 0 1 0 0 0 1 0 0 1 0 0 0
(596) 0 0 1 0 0 0 1 0 0 1 0 0 1
(597) 0 0 1 0 0 0 1 0 0 1 0 1 0
(598) 0 0 1 0 0 0 1 0 0 1 0 1 1
(599) 0 0 1 0 0 0 1 0 0 1 1 0 0
(600) 0 0 1 0 0 0 1 0 0 1 1 0 1
(601) 0 0 1 0 0 0 1 0 0 1 1 1 0
(602) 0 0 1 0 0 0 1 0 0 1 1 1 1
(603) 0 0 1 0 0 0 1 0 1 0 0 0 0
(604) 0 0 1 0 0 0 1 0 1 0 0 0 1
(605) 0 0 1 0 0 0 1 0 1 0 0 1 0
(606) 0 0 1 0 0 0 1 0 1 0 0 1 1
(607) 0 0 1 0 0 0 1 0 1 0 1 0 0
(608) 0 0 1 0 0 0 1 0 1 0 1 0 1
(609) 0 0 1 0 0 0 1 0 1 0 1 1 0
(610) 0 0 1 0 0 0 1 0 1 0 1 1 1
(611) 0 0 1 0 0 0 1 1 0 0 0 0 0
(612) 0 0 1 0 0 0 1 1 0 0 0 0 1
(613) 0 0 1 0 0 0 1 1 0 0 0 1 0
(614) 0 0 1 0 0 0 1 1 0 0 0 1 1
(615) 0 0 1 0 0 0 1 1 0 0 1 0 0
(616) 0 0 1 0 0 0 1 1 0 0 1 0 1
(617) 0 0 1 0 0 0 1 1 0 0 1 1 0
(618) 0 0 1 0 0 0 1 1 0 0 1 1 1
(619) 0 0 1 0 0 0 1 1 1 1 0 0 0
(620) 0 0 1 0 0 0 1 1 1 1 0 0 1
(621) 0 0 1 0 0 0 1 1 1 1 0 1 0
(622) 0 0 1 0 0 0 1 1 1 1 0 1 1
(623) 0 0 1 0 0 0 1 1 1 1 1 0 0
(624) 0 0 1 0 0 0 1 1 1 1 1 0 1
(625) 0 0 1 0 0 0 1 1 1 1 1 1 0
(626) 0 0 1 0 0 0 1 1 1 1 1 1 1
(627) 0 0 1 0 0 1 0 0 0 0 0 0 0
(628) 0 0 1 0 0 1 0 0 0 0 0 0 1
(629) 0 0 1 0 0 1 0 0 0 0 1 0 0
(630) 0 0 1 0 0 1 0 0 0 0 1 0 1
(631) 0 0 1 0 0 1 0 0 0 1 0 0 0
(632) 0 0 1 0 0 1 0 0 0 1 0 0 1
(633) 0 0 1 0 0 1 0 0 0 1 1 0 0
(634) 0 0 1 0 0 1 0 0 0 1 1 0 1
(635) 0 0 1 0 0 1 0 0 1 0 0 0 0
(636) 0 0 1 0 0 1 0 0 1 0 0 0 1
(637) 0 0 1 0 0 1 0 0 1 0 1 0 0
(638) 0 0 1 0 0 1 0 0 1 0 1 0 1
(639) 0 0 1 0 0 1 0 0 1 1 0 0 0
(640) 0 0 1 0 0 1 0 0 1 1 0 0 1
(641) 0 0 1 0 0 1 0 0 1 1 1 0 0
(642) 0 0 1 0 0 1 0 0 1 1 1 0 1
(643) 0 0 1 0 0 1 0 1 0 0 0 0 0
(644) 0 0 1 0 0 1 0 1 0 0 0 0 1
(645) 0 0 1 0 0 1 0 1 0 1 0 0 0
(646) 0 0 1 0 0 1 0 1 0 1 0 0 1
(647) 0 0 1 0 0 1 0 1 1 0 0 0 0
(648) 0 0 1 0 0 1 0 1 1 0 0 0 1
(649) 0 0 1 0 0 1 1 0 0 0 0 0 0
(650) 0 0 1 0 0 1 1 0 0 0 0 0 1
(651) 0 0 1 0 0 1 1 0 0 0 1 0 0
(652) 0 0 1 0 0 1 1 0 0 0 1 0 1
(653) 0 0 1 0 0 1 1 0 0 1 0 0 0
(654) 0 0 1 0 0 1 1 0 0 1 0 0 1
(655) 0 0 1 0 0 1 1 0 0 1 1 0 0
(656) 0 0 1 0 0 1 1 0 0 1 1 0 1
(657) 0 0 1 0 0 1 1 0 1 0 0 0 0
(658) 0 0 1 0 0 1 1 0 1 0 0 0 1
(659) 0 0 1 0 0 1 1 0 1 0 1 0 0
(660) 0 0 1 0 0 1 1 0 1 0 1 0 1
(661) 0 0 1 0 0 1 1 1 0 0 0 0 0
(662) 0 0 1 0 0 1 1 1 0 0 0 0 1
(663) 0 0 1 0 0 1 1 1 1 1 0 0 0
(664) 0 0 1 0 0 1 1 1 1 1 0 0 1
(665) 0 0 1 0 1 0 0 0 0 0 0 0 0
(666) 0 0 1 0 1 0 0 0 0 0 0 0 1
(667) 0 0 1 0 1 0 0 0 0 0 0 1 0
(668) 0 0 1 0 1 0 0 0 0 0 0 1 1
(669) 0 0 1 0 1 0 0 0 0 0 1 0 0
(670) 0 0 1 0 1 0 0 0 0 0 1 0 1
(671) 0 0 1 0 1 0 0 0 0 0 1 1 0
(672) 0 0 1 0 1 0 0 0 0 0 1 1 1
(673) 0 0 1 0 1 0 0 0 0 1 0 0 0
(674) 0 0 1 0 1 0 0 0 0 1 0 0 1
(675) 0 0 1 0 1 0 0 0 0 1 0 1 0
(676) 0 0 1 0 1 0 0 0 0 1 0 1 1
(677) 0 0 1 0 1 0 0 0 0 1 1 0 0
(678) 0 0 1 0 1 0 0 0 0 1 1 0 1
(679) 0 0 1 0 1 0 0 0 0 1 1 1 0
(680) 0 0 1 0 1 0 0 0 0 1 1 1 1
(681) 0 0 1 0 1 0 0 0 1 0 0 0 0
(682) 0 0 1 0 1 0 0 0 1 0 0 0 1
(683) 0 0 1 0 1 0 0 0 1 0 0 1 0
(684) 0 0 1 0 1 0 0 0 1 0 0 1 1
(685) 0 0 1 0 1 0 0 0 1 0 1 0 0
(686) 0 0 1 0 1 0 0 0 1 0 1 0 1
(687) 0 0 1 0 1 0 0 0 1 0 1 1 0
(688) 0 0 1 0 1 0 0 0 1 0 1 1 1
(689) 0 0 1 0 1 0 0 0 1 1 0 0 0
(690) 0 0 1 0 1 0 0 0 1 1 0 0 1
(691) 0 0 1 0 1 0 0 0 1 1 0 1 0
(692) 0 0 1 0 1 0 0 0 1 1 0 1 1
(693) 0 0 1 0 1 0 0 0 1 1 1 0 0
(694) 0 0 1 0 1 0 0 0 1 1 1 0 1
(695) 0 0 1 0 1 0 0 0 1 1 1 1 0
(696) 0 0 1 0 1 0 0 0 1 1 1 1 1
(697) 0 0 1 0 1 0 0 1 0 0 0 0 0
(698) 0 0 1 0 1 0 0 1 0 0 0 0 1
(699) 0 0 1 0 1 0 0 1 0 0 0 1 0
(700) 0 0 1 0 1 0 0 1 0 0 0 1 1
(701) 0 0 1 0 1 0 0 1 0 1 0 0 0
(702) 0 0 1 0 1 0 0 1 0 1 0 0 1
(703) 0 0 1 0 1 0 0 1 0 1 0 1 0
(704) 0 0 1 0 1 0 0 1 0 1 0 1 1
(705) 0 0 1 0 1 0 0 1 1 0 0 0 0
(706) 0 0 1 0 1 0 0 1 1 0 0 0 1
(707) 0 0 1 0 1 0 0 1 1 0 0 1 0
(708) 0 0 1 0 1 0 0 1 1 0 0 1 1
(709) 0 0 1 0 1 0 1 0 0 0 0 0 0
(710) 0 0 1 0 1 0 1 0 0 0 0 0 1
(711) 0 0 1 0 1 0 1 0 0 0 0 1 0
(712) 0 0 1 0 1 0 1 0 0 0 0 1 1
(713) 0 0 1 0 1 0 1 0 0 0 1 0 0
(714) 0 0 1 0 1 0 1 0 0 0 1 0 1
(715) 0 0 1 0 1 0 1 0 0 0 1 1 0
(716) 0 0 1 0 1 0 1 0 0 0 1 1 1
(717) 0 0 1 0 1 0 1 0 0 1 0 0 0
(718) 0 0 1 0 1 0 1 0 0 1 0 0 1
(719) 0 0 1 0 1 0 1 0 0 1 0 1 0
(720) 0 0 1 0 1 0 1 0 0 1 0 1 1
(721) 0 0 1 0 1 0 1 0 0 1 1 0 0
(722) 0 0 1 0 1 0 1 0 0 1 1 0 1
(723) 0 0 1 0 1 0 1 0 0 1 1 1 0
(724) 0 0 1 0 1 0 1 0 0 1 1 1 1
(725) 0 0 1 0 1 0 1 0 1 0 0 0 0
(726) 0 0 1 0 1 0 1 0 1 0 0 0 1
(727) 0 0 1 0 1 0 1 0 1 0 0 1 0
(728) 0 0 1 0 1 0 1 0 1 0 0 1 1
(729) 0 0 1 0 1 0 1 0 1 0 1 0 0
(730) 0 0 1 0 1 0 1 0 1 0 1 0 1
(731) 0 0 1 0 1 0 1 0 1 0 1 1 0
(732) 0 0 1 0 1 0 1 0 1 0 1 1 1
(733) 0 0 1 0 1 0 1 1 0 0 0 0 0
(734) 0 0 1 0 1 0 1 1 0 0 0 0 1
(735) 0 0 1 0 1 0 1 1 0 0 0 1 0
(736) 0 0 1 0 1 0 1 1 0 0 0 1 1
(737) 0 0 1 0 1 0 1 1 1 1 0 0 0
(738) 0 0 1 0 1 0 1 1 1 1 0 0 1
(739) 0 0 1 0 1 0 1 1 1 1 0 1 0
(740) 0 0 1 0 1 0 1 1 1 1 0 1 1
(741) 0 0 1 0 1 1 0 0 0 0 0 0 0
(742) 0 0 1 0 1 1 0 0 0 0 0 0 1
(743) 0 0 1 0 1 1 0 0 0 1 0 0 0
(744) 0 0 1 0 1 1 0 0 0 1 0 0 1
(745) 0 0 1 0 1 1 0 0 1 0 0 0 0
(746) 0 0 1 0 1 1 0 0 1 0 0 0 1
(747) 0 0 1 0 1 1 0 0 1 1 0 0 0
(748) 0 0 1 0 1 1 0 0 1 1 0 0 1
(749) 0 0 1 0 1 1 0 1 0 0 1 0 0
(750) 0 0 1 0 1 1 0 1 0 0 1 0 1
(751) 0 0 1 0 1 1 0 1 0 1 1 0 0
(752) 0 0 1 0 1 1 0 1 0 1 1 0 1
(753) 0 0 1 0 1 1 0 1 1 0 1 0 0
(754) 0 0 1 0 1 1 0 1 1 0 1 0 1
(755) 0 0 1 0 1 1 1 0 0 0 0 0 0
(756) 0 0 1 0 1 1 1 0 0 0 0 0 1
(757) 0 0 1 0 1 1 1 0 0 1 0 0 0
(758) 0 0 1 0 1 1 1 0 0 1 0 0 1
(759) 0 0 1 0 1 1 1 0 1 0 0 0 0
(760) 0 0 1 0 1 1 1 0 1 0 0 0 1
(761) 0 0 1 0 1 1 1 1 0 0 1 0 0
(762) 0 0 1 0 1 1 1 1 0 0 1 0 1
(763) 0 0 1 0 1 1 1 1 1 1 1 0 0
(764) 0 0 1 0 1 1 1 1 1 1 1 0 1
(765) 0 0 1 1 0 0 0 0 0 0 0 0 0
(766) 0 0 1 1 0 0 0 0 0 0 0 0 1
(767) 0 0 1 1 0 0 0 0 0 0 1 0 0
(768) 0 0 1 1 0 0 0 0 0 0 1 0 1
(769) 0 0 1 1 0 0 0 0 0 1 0 0 0
(770) 0 0 1 1 0 0 0 0 0 1 0 0 1
(771) 0 0 1 1 0 0 0 0 0 1 1 0 0
(772) 0 0 1 1 0 0 0 0 0 1 1 0 1
(773) 0 0 1 1 0 0 0 0 1 0 0 0 0
(774) 0 0 1 1 0 0 0 0 1 0 0 0 1
(775) 0 0 1 1 0 0 0 0 1 0 1 0 0
(776) 0 0 1 1 0 0 0 0 1 0 1 0 1
(777) 0 0 1 1 0 0 0 0 1 1 0 0 0
(778) 0 0 1 1 0 0 0 0 1 1 0 0 1
(779) 0 0 1 1 0 0 0 0 1 1 1 0 0
(780) 0 0 1 1 0 0 0 0 1 1 1 0 1
(781) 0 0 1 1 0 0 0 1 0 0 0 0 0
(782) 0 0 1 1 0 0 0 1 0 0 0 0 1
(783) 0 0 1 1 0 0 0 1 0 0 1 0 0
(784) 0 0 1 1 0 0 0 1 0 0 1 0 1
(785) 0 0 1 1 0 0 0 1 0 1 0 0 0
(786) 0 0 1 1 0 0 0 1 0 1 0 0 1
(787) 0 0 1 1 0 0 0 1 0 1 1 0 0
(788) 0 0 1 1 0 0 0 1 0 1 1 0 1
(789) 0 0 1 1 0 0 0 1 1 0 0 0 0
(790) 0 0 1 1 0 0 0 1 1 0 0 0 1
(791) 0 0 1 1 0 0 0 1 1 0 1 0 0
(792) 0 0 1 1 0 0 0 1 1 0 1 0 1
(793) 0 0 1 1 0 0 1 0 0 0 0 0 0
(794) 0 0 1 1 0 0 1 0 0 0 0 0 1
(795) 0 0 1 1 0 0 1 0 0 0 1 0 0
(796) 0 0 1 1 0 0 1 0 0 0 1 0 1
(797) 0 0 1 1 0 0 1 0 0 1 0 0 0
(798) 0 0 1 1 0 0 1 0 0 1 0 0 1
(799) 0 0 1 1 0 0 1 0 0 1 1 0 0
(800) 0 0 1 1 0 0 1 0 0 1 1 0 1
(801) 0 0 1 1 0 0 1 0 1 0 0 0 0
(802) 0 0 1 1 0 0 1 0 1 0 0 0 1
(803) 0 0 1 1 0 0 1 0 1 0 1 0 0
(804) 0 0 1 1 0 0 1 0 1 0 1 0 1
(805) 0 0 1 1 0 0 1 1 0 0 0 0 0
(806) 0 0 1 1 0 0 1 1 0 0 0 0 1
(807) 0 0 1 1 0 0 1 1 0 0 1 0 0
(808) 0 0 1 1 0 0 1 1 0 0 1 0 1
(809) 0 0 1 1 0 0 1 1 1 1 0 0 0
(810) 0 0 1 1 0 0 1 1 1 1 0 0 1
(811) 0 0 1 1 0 0 1 1 1 1 1 0 0
(812) 0 0 1 1 0 0 1 1 1 1 1 0 1
(813) 0 0 1 1 0 1 0 0 0 0 0 1 0
(814) 0 0 1 1 0 1 0 0 0 0 0 1 1
(815) 0 0 1 1 0 1 0 0 0 0 1 1 0
(816) 0 0 1 1 0 1 0 0 0 0 1 1 1
(817) 0 0 1 1 0 1 0 0 0 1 0 1 0
(818) 0 0 1 1 0 1 0 0 0 1 0 1 1
(819) 0 0 1 1 0 1 0 0 0 1 1 1 0
(820) 0 0 1 1 0 1 0 0 0 1 1 1 1
(821) 0 0 1 1 0 1 0 0 1 0 0 1 0
(822) 0 0 1 1 0 1 0 0 1 0 0 1 1
(823) 0 0 1 1 0 1 0 0 1 0 1 1 0
(824) 0 0 1 1 0 1 0 0 1 0 1 1 1
(825) 0 0 1 1 0 1 0 0 1 1 0 1 0
(826) 0 0 1 1 0 1 0 0 1 1 0 1 1
(827) 0 0 1 1 0 1 0 0 1 1 1 1 0
(828) 0 0 1 1 0 1 0 0 1 1 1 1 1
(829) 0 0 1 1 0 1 0 1 0 0 0 1 0
(830) 0 0 1 1 0 1 0 1 0 0 0 1 1
(831) 0 0 1 1 0 1 0 1 0 1 0 1 0
(832) 0 0 1 1 0 1 0 1 0 1 0 1 1
(833) 0 0 1 1 0 1 0 1 1 0 0 1 0
(834) 0 0 1 1 0 1 0 1 1 0 0 1 1
(835) 0 0 1 1 0 1 1 0 0 0 0 1 0
(836) 0 0 1 1 0 1 1 0 0 0 0 1 1
(837) 0 0 1 1 0 1 1 0 0 0 1 1 0
(838) 0 0 1 1 0 1 1 0 0 0 1 1 1
(839) 0 0 1 1 0 1 1 0 0 1 0 1 0
(840) 0 0 1 1 0 1 1 0 0 1 0 1 1
(841) 0 0 1 1 0 1 1 0 0 1 1 1 0
(842) 0 0 1 1 0 1 1 0 0 1 1 1 1
(843) 0 0 1 1 0 1 1 0 1 0 0 1 0
(844) 0 0 1 1 0 1 1 0 1 0 0 1 1
(845) 0 0 1 1 0 1 1 0 1 0 1 1 0
(846) 0 0 1 1 0 1 1 0 1 0 1 1 1
(847) 0 0 1 1 0 1 1 1 0 0 0 1 0
(848) 0 0 1 1 0 1 1 1 0 0 0 1 1
(849) 0 0 1 1 0 1 1 1 1 1 0 1 0
(850) 0 0 1 1 0 1 1 1 1 1 0 1 1
(851) 0 0 1 1 1 0 0 0 0 0 0 0 0
(852) 0 0 1 1 1 0 0 0 0 0 0 0 1
(853) 0 0 1 1 1 0 0 0 0 0 1 0 0
(854) 0 0 1 1 1 0 0 0 0 0 1 0 1
(855) 0 0 1 1 1 0 0 0 0 1 0 0 0
(856) 0 0 1 1 1 0 0 0 0 1 0 0 1
(857) 0 0 1 1 1 0 0 0 0 1 1 0 0
(858) 0 0 1 1 1 0 0 0 0 1 1 0 1
(859) 0 0 1 1 1 0 0 0 1 0 0 0 0
(860) 0 0 1 1 1 0 0 0 1 0 0 0 1
(861) 0 0 1 1 1 0 0 0 1 0 1 0 0
(862) 0 0 1 1 1 0 0 0 1 0 1 0 1
(863) 0 0 1 1 1 0 0 0 1 1 0 0 0
(864) 0 0 1 1 1 0 0 0 1 1 0 0 1
(865) 0 0 1 1 1 0 0 0 1 1 1 0 0
(866) 0 0 1 1 1 0 0 0 1 1 1 0 1
(867) 0 0 1 1 1 0 0 1 0 0 0 0 0
(868) 0 0 1 1 1 0 0 1 0 0 0 0 1
(869) 0 0 1 1 1 0 0 1 0 1 0 0 0
(870) 0 0 1 1 1 0 0 1 0 1 0 0 1
(871) 0 0 1 1 1 0 0 1 1 0 0 0 0
(872) 0 0 1 1 1 0 0 1 1 0 0 0 1
(873) 0 0 1 1 1 0 1 0 0 0 0 0 0
(874) 0 0 1 1 1 0 1 0 0 0 0 0 1
(875) 0 0 1 1 1 0 1 0 0 0 1 0 0
(876) 0 0 1 1 1 0 1 0 0 0 1 0 1
(877) 0 0 1 1 1 0 1 0 0 1 0 0 0
(878) 0 0 1 1 1 0 1 0 0 1 0 0 1
(879) 0 0 1 1 1 0 1 0 0 1 1 0 0
(880) 0 0 1 1 1 0 1 0 0 1 1 0 1
(881) 0 0 1 1 1 0 1 0 1 0 0 0 0
(882) 0 0 1 1 1 0 1 0 1 0 0 0 1
(883) 0 0 1 1 1 0 1 0 1 0 1 0 0
(884) 0 0 1 1 1 0 1 0 1 0 1 0 1
(885) 0 0 1 1 1 0 1 1 0 0 0 0 0
(886) 0 0 1 1 1 0 1 1 0 0 0 0 1
(887) 0 0 1 1 1 0 1 1 1 1 0 0 0
(888) 0 0 1 1 1 0 1 1 1 1 0 0 1
(889) 0 0 1 1 1 1 0 0 0 0 0 1 0
(890) 0 0 1 1 1 1 0 0 0 0 0 1 1
(891) 0 0 1 1 1 1 0 0 0 1 0 1 0
(892) 0 0 1 1 1 1 0 0 0 1 0 1 1
(893) 0 0 1 1 1 1 0 0 1 0 0 1 0
(894) 0 0 1 1 1 1 0 0 1 0 0 1 1
(895) 0 0 1 1 1 1 0 0 1 1 0 1 0
(896) 0 0 1 1 1 1 0 0 1 1 0 1 1
(897) 0 0 1 1 1 1 0 1 0 0 1 1 0
(898) 0 0 1 1 1 1 0 1 0 0 1 1 1
(899) 0 0 1 1 1 1 0 1 0 1 1 1 0
(900) 0 0 1 1 1 1 0 1 0 1 1 1 1
(901) 0 0 1 1 1 1 0 1 1 0 1 1 0
(902) 0 0 1 1 1 1 0 1 1 0 1 1 1
(903) 0 0 1 1 1 1 1 0 0 0 0 1 0
(904) 0 0 1 1 1 1 1 0 0 0 0 1 1
(905) 0 0 1 1 1 1 1 0 0 1 0 1 0
(906) 0 0 1 1 1 1 1 0 0 1 0 1 1
(907) 0 0 1 1 1 1 1 0 1 0 0 1 0
(908) 0 0 1 1 1 1 1 0 1 0 0 1 1
(909) 0 0 1 1 1 1 1 1 0 0 1 1 0
(910) 0 0 1 1 1 1 1 1 0 0 1 1 1
(911) 0 0 1 1 1 1 1 1 1 1 1 1 0
(912) 0 0 1 1 1 1 1 1 1 1 1 1 1
(913) 0 1 0 0 0 0 0 0 0 0 0 0 0
(914) 0 1 0 0 0 0 0 0 0 0 0 0 1
(915) 0 1 0 0 0 0 0 0 0 0 0 1 0
(916) 0 1 0 0 0 0 0 0 0 0 0 1 1
(917) 0 1 0 0 0 0 0 0 0 0 1 0 0
(918) 0 1 0 0 0 0 0 0 0 0 1 0 1
(919) 0 1 0 0 0 0 0 0 0 0 1 1 0
(920) 0 1 0 0 0 0 0 0 0 0 1 1 1
(921) 0 1 0 0 0 0 0 0 0 1 0 0 0
(922) 0 1 0 0 0 0 0 0 0 1 0 0 1
(923) 0 1 0 0 0 0 0 0 0 1 0 1 0
(924) 0 1 0 0 0 0 0 0 0 1 0 1 1
(925) 0 1 0 0 0 0 0 0 0 1 1 0 0
(926) 0 1 0 0 0 0 0 0 0 1 1 0 1
(927) 0 1 0 0 0 0 0 0 0 1 1 1 0
(928) 0 1 0 0 0 0 0 0 0 1 1 1 1
(929) 0 1 0 0 0 0 0 0 1 0 0 0 0
(930) 0 1 0 0 0 0 0 0 1 0 0 0 1
(931) 0 1 0 0 0 0 0 0 1 0 0 1 0
(932) 0 1 0 0 0 0 0 0 1 0 0 1 1
(933) 0 1 0 0 0 0 0 0 1 0 1 0 0
(934) 0 1 0 0 0 0 0 0 1 0 1 0 1
(935) 0 1 0 0 0 0 0 0 1 0 1 1 0
(936) 0 1 0 0 0 0 0 0 1 0 1 1 1
(937) 0 1 0 0 0 0 0 0 1 1 0 0 0
(938) 0 1 0 0 0 0 0 0 1 1 0 0 1
(939) 0 1 0 0 0 0 0 0 1 1 0 1 0
(940) 0 1 0 0 0 0 0 0 1 1 0 1 1
(941) 0 1 0 0 0 0 0 0 1 1 1 0 0
(942) 0 1 0 0 0 0 0 0 1 1 1 0 1
(943) 0 1 0 0 0 0 0 0 1 1 1 1 0
(944) 0 1 0 0 0 0 0 0 1 1 1 1 1
(945) 0 1 0 0 0 0 0 1 0 0 0 0 0
(946) 0 1 0 0 0 0 0 1 0 0 0 0 1
(947) 0 1 0 0 0 0 0 1 0 0 0 1 0
(948) 0 1 0 0 0 0 0 1 0 0 0 1 1
(949) 0 1 0 0 0 0 0 1 0 0 1 0 0
(950) 0 1 0 0 0 0 0 1 0 0 1 0 1
(951) 0 1 0 0 0 0 0 1 0 0 1 1 0
(952) 0 1 0 0 0 0 0 1 0 0 1 1 1
(953) 0 1 0 0 0 0 0 1 0 1 0 0 0
(954) 0 1 0 0 0 0 0 1 0 1 0 0 1
(955) 0 1 0 0 0 0 0 1 0 1 0 1 0
(956) 0 1 0 0 0 0 0 1 0 1 0 1 1
(957) 0 1 0 0 0 0 0 1 0 1 1 0 0
(958) 0 1 0 0 0 0 0 1 0 1 1 0 1
(959) 0 1 0 0 0 0 0 1 0 1 1 1 0
(960) 0 1 0 0 0 0 0 1 0 1 1 1 1
(961) 0 1 0 0 0 0 0 1 1 0 0 0 0
(962) 0 1 0 0 0 0 0 1 1 0 0 0 1
(963) 0 1 0 0 0 0 0 1 1 0 0 1 0
(964) 0 1 0 0 0 0 0 1 1 0 0 1 1
(965) 0 1 0 0 0 0 0 1 1 0 1 0 0
(966) 0 1 0 0 0 0 0 1 1 0 1 0 1
(967) 0 1 0 0 0 0 0 1 1 0 1 1 0
(968) 0 1 0 0 0 0 0 1 1 0 1 1 1
(969) 0 1 0 0 0 0 1 0 0 0 0 0 0
(970) 0 1 0 0 0 0 1 0 0 0 0 0 1
(971) 0 1 0 0 0 0 1 0 0 0 0 1 0
(972) 0 1 0 0 0 0 1 0 0 0 0 1 1
(973) 0 1 0 0 0 0 1 0 0 0 1 0 0
(974) 0 1 0 0 0 0 1 0 0 0 1 0 1
(975) 0 1 0 0 0 0 1 0 0 0 1 1 0
(976) 0 1 0 0 0 0 1 0 0 0 1 1 1
(977) 0 1 0 0 0 0 1 0 0 1 0 0 0
(978) 0 1 0 0 0 0 1 0 0 1 0 0 1
(979) 0 1 0 0 0 0 1 0 0 1 0 1 0
(980) 0 1 0 0 0 0 1 0 0 1 0 1 1
(981) 0 1 0 0 0 0 1 0 0 1 1 0 0
(982) 0 1 0 0 0 0 1 0 0 1 1 0 1
(983) 0 1 0 0 0 0 1 0 0 1 1 1 0
(984) 0 1 0 0 0 0 1 0 0 1 1 1 1
(985) 0 1 0 0 0 0 1 0 1 0 0 0 0
(986) 0 1 0 0 0 0 1 0 1 0 0 0 1
(987) 0 1 0 0 0 0 1 0 1 0 0 1 0
(988) 0 1 0 0 0 0 1 0 1 0 0 1 1
(989) 0 1 0 0 0 0 1 0 1 0 1 0 0
(990) 0 1 0 0 0 0 1 0 1 0 1 0 1
(991) 0 1 0 0 0 0 1 0 1 0 1 1 0
(992) 0 1 0 0 0 0 1 0 1 0 1 1 1
(993) 0 1 0 0 0 0 1 1 0 0 0 0 0
(994) 0 1 0 0 0 0 1 1 0 0 0 0 1
(995) 0 1 0 0 0 0 1 1 0 0 0 1 0
(996) 0 1 0 0 0 0 1 1 0 0 0 1 1
(997) 0 1 0 0 0 0 1 1 0 0 1 0 0
(998) 0 1 0 0 0 0 1 1 0 0 1 0 1
(999) 0 1 0 0 0 0 1 1 0 0 1 1 0
(1000) 0 1 0 0 0 0 1 1 0 0 1 1 1
(1001) 0 1 0 0 0 0 1 1 1 1 0 0 0
(1002) 0 1 0 0 0 0 1 1 1 1 0 0 1
(1003) 0 1 0 0 0 0 1 1 1 1 0 1 0
(1004) 0 1 0 0 0 0 1 1 1 1 0 1 1
(1005) 0 1 0 0 0 0 1 1 1 1 1 0 0
(1006) 0 1 0 0 0 0 1 1 1 1 1 0 1
(1007) 0 1 0 0 0 0 1 1 1 1 1 1 0
(1008) 0 1 0 0 0 0 1 1 1 1 1 1 1
(1009) 0 1 0 0 0 1 0 0 0 0 0 0 0
(1010) 0 1 0 0 0 1 0 0 0 0 0 0 1
(1011) 0 1 0 0 0 1 0 0 0 0 0 1 0
(1012) 0 1 0 0 0 1 0 0 0 0 0 1 1
(1013) 0 1 0 0 0 1 0 0 0 0 1 0 0
(1014) 0 1 0 0 0 1 0 0 0 0 1 0 1
(1015) 0 1 0 0 0 1 0 0 0 0 1 1 0
(1016) 0 1 0 0 0 1 0 0 0 0 1 1 1
(1017) 0 1 0 0 0 1 0 0 0 1 0 0 0
(1018) 0 1 0 0 0 1 0 0 0 1 0 0 1
(1019) 0 1 0 0 0 1 0 0 0 1 0 1 0
(1020) 0 1 0 0 0 1 0 0 0 1 0 1 1
(1021) 0 1 0 0 0 1 0 0 0 1 1 0 0
(1022) 0 1 0 0 0 1 0 0 0 1 1 0 1
(1023) 0 1 0 0 0 1 0 0 0 1 1 1 0
(1024) 0 1 0 0 0 1 0 0 0 1 1 1 1
(1025) 0 1 0 0 0 1 0 0 1 0 0 0 0
(1026) 0 1 0 0 0 1 0 0 1 0 0 0 1
(1027) 0 1 0 0 0 1 0 0 1 0 0 1 0
(1028) 0 1 0 0 0 1 0 0 1 0 0 1 1
(1029) 0 1 0 0 0 1 0 0 1 0 1 0 0
(1030) 0 1 0 0 0 1 0 0 1 0 1 0 1
(1031) 0 1 0 0 0 1 0 0 1 0 1 1 0
(1032) 0 1 0 0 0 1 0 0 1 0 1 1 1
(1033) 0 1 0 0 0 1 0 0 1 1 0 0 0
(1034) 0 1 0 0 0 1 0 0 1 1 0 0 1
(1035) 0 1 0 0 0 1 0 0 1 1 0 1 0
(1036) 0 1 0 0 0 1 0 0 1 1 0 1 1
(1037) 0 1 0 0 0 1 0 0 1 1 1 0 0
(1038) 0 1 0 0 0 1 0 0 1 1 1 0 1
(1039) 0 1 0 0 0 1 0 0 1 1 1 1 0
(1040) 0 1 0 0 0 1 0 0 1 1 1 1 1
(1041) 0 1 0 0 0 1 0 1 0 0 0 0 0
(1042) 0 1 0 0 0 1 0 1 0 0 0 0 1
(1043) 0 1 0 0 0 1 0 1 0 0 0 1 0
(1044) 0 1 0 0 0 1 0 1 0 0 0 1 1
(1045) 0 1 0 0 0 1 0 1 0 1 0 0 0
(1046) 0 1 0 0 0 1 0 1 0 1 0 0 1
(1047) 0 1 0 0 0 1 0 1 0 1 0 1 0
(1048) 0 1 0 0 0 1 0 1 0 1 0 1 1
(1049) 0 1 0 0 0 1 0 1 1 0 0 0 0
(1050) 0 1 0 0 0 1 0 1 1 0 0 0 1
(1051) 0 1 0 0 0 1 0 1 1 0 0 1 0
(1052) 0 1 0 0 0 1 0 1 1 0 0 1 1
(1053) 0 1 0 0 0 1 1 0 0 0 0 0 0
(1054) 0 1 0 0 0 1 1 0 0 0 0 0 1
(1055) 0 1 0 0 0 1 1 0 0 0 0 1 0
(1056) 0 1 0 0 0 1 1 0 0 0 0 1 1
(1057) 0 1 0 0 0 1 1 0 0 0 1 0 0
(1058) 0 1 0 0 0 1 1 0 0 0 1 0 1
(1059) 0 1 0 0 0 1 1 0 0 0 1 1 0
(1060) 0 1 0 0 0 1 1 0 0 0 1 1 1
(1061) 0 1 0 0 0 1 1 0 0 1 0 0 0
(1062) 0 1 0 0 0 1 1 0 0 1 0 0 1
(1063) 0 1 0 0 0 1 1 0 0 1 0 1 0
(1064) 0 1 0 0 0 1 1 0 0 1 0 1 1
(1065) 0 1 0 0 0 1 1 0 0 1 1 0 0
(1066) 0 1 0 0 0 1 1 0 0 1 1 0 1
(1067) 0 1 0 0 0 1 1 0 0 1 1 1 0
(1068) 0 1 0 0 0 1 1 0 0 1 1 1 1
(1069) 0 1 0 0 0 1 1 0 1 0 0 0 0
(1070) 0 1 0 0 0 1 1 0 1 0 0 0 1
(1071) 0 1 0 0 0 1 1 0 1 0 0 1 0
(1072) 0 1 0 0 0 1 1 0 1 0 0 1 1
(1073) 0 1 0 0 0 1 1 0 1 0 1 0 0
(1074) 0 1 0 0 0 1 1 0 1 0 1 0 1
(1075) 0 1 0 0 0 1 1 0 1 0 1 1 0
(1076) 0 1 0 0 0 1 1 0 1 0 1 1 1
(1077) 0 1 0 0 0 1 1 1 0 0 0 0 0
(1078) 0 1 0 0 0 1 1 1 0 0 0 0 1
(1079) 0 1 0 0 0 1 1 1 0 0 0 1 0
(1080) 0 1 0 0 0 1 1 1 0 0 0 1 1
(1081) 0 1 0 0 0 1 1 1 1 1 0 0 0
(1082) 0 1 0 0 0 1 1 1 1 1 0 0 1
(1083) 0 1 0 0 0 1 1 1 1 1 0 1 0
(1084) 0 1 0 0 0 1 1 1 1 1 0 1 1
(1085) 0 1 0 0 1 0 0 0 0 0 0 0 0
(1086) 0 1 0 0 1 0 0 0 0 0 0 0 1
(1087) 0 1 0 0 1 0 0 0 0 0 0 1 0
(1088) 0 1 0 0 1 0 0 0 0 0 0 1 1
(1089) 0 1 0 0 1 0 0 0 0 0 1 0 0
(1090) 0 1 0 0 1 0 0 0 0 0 1 0 1
(1091) 0 1 0 0 1 0 0 0 0 0 1 1 0
(1092) 0 1 0 0 1 0 0 0 0 0 1 1 1
(1093) 0 1 0 0 1 0 0 0 0 1 0 0 0
(1094) 0 1 0 0 1 0 0 0 0 1 0 0 1
(1095) 0 1 0 0 1 0 0 0 0 1 0 1 0
(1096) 0 1 0 0 1 0 0 0 0 1 0 1 1
(1097) 0 1 0 0 1 0 0 0 0 1 1 0 0
(1098) 0 1 0 0 1 0 0 0 0 1 1 0 1
(1099) 0 1 0 0 1 0 0 0 0 1 1 1 0
(1100) 0 1 0 0 1 0 0 0 0 1 1 1 1
(1101) 0 1 0 0 1 0 0 0 1 0 0 0 0
(1102) 0 1 0 0 1 0 0 0 1 0 0 0 1
(1103) 0 1 0 0 1 0 0 0 1 0 0 1 0
(1104) 0 1 0 0 1 0 0 0 1 0 0 1 1
(1105) 0 1 0 0 1 0 0 0 1 0 1 0 0
(1106) 0 1 0 0 1 0 0 0 1 0 1 0 1
(1107) 0 1 0 0 1 0 0 0 1 0 1 1 0
(1108) 0 1 0 0 1 0 0 0 1 0 1 1 1
(1109) 0 1 0 0 1 0 0 0 1 1 0 0 0
(1110) 0 1 0 0 1 0 0 0 1 1 0 0 1
(1111) 0 1 0 0 1 0 0 0 1 1 0 1 0
(1112) 0 1 0 0 1 0 0 0 1 1 0 1 1
(1113) 0 1 0 0 1 0 0 0 1 1 1 0 0
(1114) 0 1 0 0 1 0 0 0 1 1 1 0 1
(1115) 0 1 0 0 1 0 0 0 1 1 1 1 0
(1116) 0 1 0 0 1 0 0 0 1 1 1 1 1
(1117) 0 1 0 0 1 0 0 1 0 0 0 0 0
(1118) 0 1 0 0 1 0 0 1 0 0 0 0 1
(1119) 0 1 0 0 1 0 0 1 0 0 0 1 0
(1120) 0 1 0 0 1 0 0 1 0 0 0 1 1
(1121) 0 1 0 0 1 0 0 1 0 1 0 0 0
(1122) 0 1 0 0 1 0 0 1 0 1 0 0 1
(1123) 0 1 0 0 1 0 0 1 0 1 0 1 0
(1124) 0 1 0 0 1 0 0 1 0 1 0 1 1
(1125) 0 1 0 0 1 0 0 1 1 0 0 0 0
(1126) 0 1 0 0 1 0 0 1 1 0 0 0 1
(1127) 0 1 0 0 1 0 0 1 1 0 0 1 0
(1128) 0 1 0 0 1 0 0 1 1 0 0 1 1
(1129) 0 1 0 0 1 0 1 0 0 0 0 0 0
(1130) 0 1 0 0 1 0 1 0 0 0 0 0 1
(1131) 0 1 0 0 1 0 1 0 0 0 0 1 0
(1132) 0 1 0 0 1 0 1 0 0 0 0 1 1
(1133) 0 1 0 0 1 0 1 0 0 0 1 0 0
(1134) 0 1 0 0 1 0 1 0 0 0 1 0 1
(1135) 0 1 0 0 1 0 1 0 0 0 1 1 0
(1136) 0 1 0 0 1 0 1 0 0 0 1 1 1
(1137) 0 1 0 0 1 0 1 0 0 1 0 0 0
(1138) 0 1 0 0 1 0 1 0 0 1 0 0 1
(1139) 0 1 0 0 1 0 1 0 0 1 0 1 0
(1140) 0 1 0 0 1 0 1 0 0 1 0 1 1
(1141) 0 1 0 0 1 0 1 0 0 1 1 0 0
(1142) 0 1 0 0 1 0 1 0 0 1 1 0 1
(1143) 0 1 0 0 1 0 1 0 0 1 1 1 0
(1144) 0 1 0 0 1 0 1 0 0 1 1 1 1
(1145) 0 1 0 0 1 0 1 0 1 0 0 0 0
(1146) 0 1 0 0 1 0 1 0 1 0 0 0 1
(1147) 0 1 0 0 1 0 1 0 1 0 0 1 0
(1148) 0 1 0 0 1 0 1 0 1 0 0 1 1
(1149) 0 1 0 0 1 0 1 0 1 0 1 0 0
(1150) 0 1 0 0 1 0 1 0 1 0 1 0 1
(1151) 0 1 0 0 1 0 1 0 1 0 1 1 0
(1152) 0 1 0 0 1 0 1 0 1 0 1 1 1
(1153) 0 1 0 0 1 0 1 1 0 0 0 0 0
(1154) 0 1 0 0 1 0 1 1 0 0 0 0 1
(1155) 0 1 0 0 1 0 1 1 0 0 0 1 0
(1156) 0 1 0 0 1 0 1 1 0 0 0 1 1
(1157) 0 1 0 0 1 0 1 1 1 1 0 0 0
(1158) 0 1 0 0 1 0 1 1 1 1 0 0 1
(1159) 0 1 0 0 1 0 1 1 1 1 0 1 0
(1160) 0 1 0 0 1 0 1 1 1 1 0 1 1
(1161) 0 1 0 0 1 1 0 0 0 0 0 0 0
(1162) 0 1 0 0 1 1 0 0 0 0 0 0 1
(1163) 0 1 0 0 1 1 0 0 0 0 0 1 0
(1164) 0 1 0 0 1 1 0 0 0 0 0 1 1
(1165) 0 1 0 0 1 1 0 0 0 1 0 0 0
(1166) 0 1 0 0 1 1 0 0 0 1 0 0 1
(1167) 0 1 0 0 1 1 0 0 0 1 0 1 0
(1168) 0 1 0 0 1 1 0 0 0 1 0 1 1
(1169) 0 1 0 0 1 1 0 0 1 0 0 0 0
(1170) 0 1 0 0 1 1 0 0 1 0 0 0 1
(1171) 0 1 0 0 1 1 0 0 1 0 0 1 0
(1172) 0 1 0 0 1 1 0 0 1 0 0 1 1
(1173) 0 1 0 0 1 1 0 0 1 1 0 0 0
(1174) 0 1 0 0 1 1 0 0 1 1 0 0 1
(1175) 0 1 0 0 1 1 0 0 1 1 0 1 0
(1176) 0 1 0 0 1 1 0 0 1 1 0 1 1
(1177) 0 1 0 0 1 1 0 1 0 0 1 0 0
(1178) 0 1 0 0 1 1 0 1 0 0 1 0 1
(1179) 0 1 0 0 1 1 0 1 0 0 1 1 0
(1180) 0 1 0 0 1 1 0 1 0 0 1 1 1
(1181) 0 1 0 0 1 1 0 1 0 1 1 0 0
(1182) 0 1 0 0 1 1 0 1 0 1 1 0 1
(1183) 0 1 0 0 1 1 0 1 0 1 1 1 0
(1184) 0 1 0 0 1 1 0 1 0 1 1 1 1
(1185) 0 1 0 0 1 1 0 1 1 0 1 0 0
(1186) 0 1 0 0 1 1 0 1 1 0 1 0 1
(1187) 0 1 0 0 1 1 0 1 1 0 1 1 0
(1188) 0 1 0 0 1 1 0 1 1 0 1 1 1
(1189) 0 1 0 0 1 1 1 0 0 0 0 0 0
(1190) 0 1 0 0 1 1 1 0 0 0 0 0 1
(1191) 0 1 0 0 1 1 1 0 0 0 0 1 0
(1192) 0 1 0 0 1 1 1 0 0 0 0 1 1
(1193) 0 1 0 0 1 1 1 0 0 1 0 0 0
(1194) 0 1 0 0 1 1 1 0 0 1 0 0 1
(1195) 0 1 0 0 1 1 1 0 0 1 0 1 0
(1196) 0 1 0 0 1 1 1 0 0 1 0 1 1
(1197) 0 1 0 0 1 1 1 0 1 0 0 0 0
(1198) 0 1 0 0 1 1 1 0 1 0 0 0 1
(1199) 0 1 0 0 1 1 1 0 1 0 0 1 0
(1200) 0 1 0 0 1 1 1 0 1 0 0 1 1
(1201) 0 1 0 0 1 1 1 1 0 0 1 0 0
(1202) 0 1 0 0 1 1 1 1 0 0 1 0 1
(1203) 0 1 0 0 1 1 1 1 0 0 1 1 0
(1204) 0 1 0 0 1 1 1 1 0 0 1 1 1
(1205) 0 1 0 0 1 1 1 1 1 1 1 0 0
(1206) 0 1 0 0 1 1 1 1 1 1 1 0 1
(1207) 0 1 0 0 1 1 1 1 1 1 1 1 0
(1208) 0 1 0 0 1 1 1 1 1 1 1 1 1
(1209) 0 1 0 1 0 0 0 0 0 0 0 0 0
(1210) 0 1 0 1 0 0 0 0 0 0 0 1 0
(1211) 0 1 0 1 0 0 0 0 0 0 1 0 0
(1212) 0 1 0 1 0 0 0 0 0 0 1 1 0
(1213) 0 1 0 1 0 0 0 0 0 1 0 0 0
(1214) 0 1 0 1 0 0 0 0 0 1 0 1 0
(1215) 0 1 0 1 0 0 0 0 0 1 1 0 0
(1216) 0 1 0 1 0 0 0 0 0 1 1 1 0
(1217) 0 1 0 1 0 0 0 0 1 0 0 0 0
(1218) 0 1 0 1 0 0 0 0 1 0 0 1 0
(1219) 0 1 0 1 0 0 0 0 1 0 1 0 0
(1220) 0 1 0 1 0 0 0 0 1 0 1 1 0
(1221) 0 1 0 1 0 0 0 0 1 1 0 0 0
(1222) 0 1 0 1 0 0 0 0 1 1 0 1 0
(1223) 0 1 0 1 0 0 0 0 1 1 1 0 0
(1224) 0 1 0 1 0 0 0 0 1 1 1 1 0
(1225) 0 1 0 1 0 0 0 1 0 0 0 0 0
(1226) 0 1 0 1 0 0 0 1 0 0 0 1 0
(1227) 0 1 0 1 0 0 0 1 0 0 1 0 0
(1228) 0 1 0 1 0 0 0 1 0 0 1 1 0
(1229) 0 1 0 1 0 0 0 1 0 1 0 0 0
(1230) 0 1 0 1 0 0 0 1 0 1 0 1 0
(1231) 0 1 0 1 0 0 0 1 0 1 1 0 0
(1232) 0 1 0 1 0 0 0 1 0 1 1 1 0
(1233) 0 1 0 1 0 0 0 1 1 0 0 0 0
(1234) 0 1 0 1 0 0 0 1 1 0 0 1 0
(1235) 0 1 0 1 0 0 0 1 1 0 1 0 0
(1236) 0 1 0 1 0 0 0 1 1 0 1 1 0
(1237) 0 1 0 1 0 0 1 0 0 0 0 0 0
(1238) 0 1 0 1 0 0 1 0 0 0 0 1 0
(1239) 0 1 0 1 0 0 1 0 0 0 1 0 0
(1240) 0 1 0 1 0 0 1 0 0 0 1 1 0
(1241) 0 1 0 1 0 0 1 0 0 1 0 0 0
(1242) 0 1 0 1 0 0 1 0 0 1 0 1 0
(1243) 0 1 0 1 0 0 1 0 0 1 1 0 0
(1244) 0 1 0 1 0 0 1 0 0 1 1 1 0
(1245) 0 1 0 1 0 0 1 0 1 0 0 0 0
(1246) 0 1 0 1 0 0 1 0 1 0 0 1 0
(1247) 0 1 0 1 0 0 1 0 1 0 1 0 0
(1248) 0 1 0 1 0 0 1 0 1 0 1 1 0
(1249) 0 1 0 1 0 0 1 1 0 0 0 0 0
(1250) 0 1 0 1 0 0 1 1 0 0 0 1 0
(1251) 0 1 0 1 0 0 1 1 0 0 1 0 0
(1252) 0 1 0 1 0 0 1 1 0 0 1 1 0
(1253) 0 1 0 1 0 0 1 1 1 1 0 0 0
(1254) 0 1 0 1 0 0 1 1 1 1 0 1 0
(1255) 0 1 0 1 0 0 1 1 1 1 1 0 0
(1256) 0 1 0 1 0 0 1 1 1 1 1 1 0
(1257) 0 1 0 1 0 1 0 0 0 0 0 0 0
(1258) 0 1 0 1 0 1 0 0 0 0 1 0 0
(1259) 0 1 0 1 0 1 0 0 0 1 0 0 0
(1260) 0 1 0 1 0 1 0 0 0 1 1 0 0
(1261) 0 1 0 1 0 1 0 0 1 0 0 0 0
(1262) 0 1 0 1 0 1 0 0 1 0 1 0 0
(1263) 0 1 0 1 0 1 0 0 1 1 0 0 0
(1264) 0 1 0 1 0 1 0 0 1 1 1 0 0
(1265) 0 1 0 1 0 1 0 1 0 0 0 0 0
(1266) 0 1 0 1 0 1 0 1 0 1 0 0 0
(1267) 0 1 0 1 0 1 0 1 1 0 0 0 0
(1268) 0 1 0 1 0 1 1 0 0 0 0 0 0
(1269) 0 1 0 1 0 1 1 0 0 0 1 0 0
(1270) 0 1 0 1 0 1 1 0 0 1 0 0 0
(1271) 0 1 0 1 0 1 1 0 0 1 1 0 0
(1272) 0 1 0 1 0 1 1 0 1 0 0 0 0
(1273) 0 1 0 1 0 1 1 0 1 0 1 0 0
(1274) 0 1 0 1 0 1 1 1 0 0 0 0 0
(1275) 0 1 0 1 0 1 1 1 1 1 0 0 0
(1276) 0 1 0 1 1 0 0 0 0 0 0 0 0
(1277) 0 1 0 1 1 0 0 0 0 0 0 1 0
(1278) 0 1 0 1 1 0 0 0 0 0 1 0 0
(1279) 0 1 0 1 1 0 0 0 0 0 1 1 0
(1280) 0 1 0 1 1 0 0 0 0 1 0 0 0
(1281) 0 1 0 1 1 0 0 0 0 1 0 1 0
(1282) 0 1 0 1 1 0 0 0 0 1 1 0 0
(1283) 0 1 0 1 1 0 0 0 0 1 1 1 0
(1284) 0 1 0 1 1 0 0 0 1 0 0 0 0
(1285) 0 1 0 1 1 0 0 0 1 0 0 1 0
(1286) 0 1 0 1 1 0 0 0 1 0 1 0 0
(1287) 0 1 0 1 1 0 0 0 1 0 1 1 0
(1288) 0 1 0 1 1 0 0 0 1 1 0 0 0
(1289) 0 1 0 1 1 0 0 0 1 1 0 1 0
(1290) 0 1 0 1 1 0 0 0 1 1 1 0 0
(1291) 0 1 0 1 1 0 0 0 1 1 1 1 0
(1292) 0 1 0 1 1 0 0 1 0 0 0 0 0
(1293) 0 1 0 1 1 0 0 1 0 0 0 1 0
(1294) 0 1 0 1 1 0 0 1 0 1 0 0 0
(1295) 0 1 0 1 1 0 0 1 0 1 0 1 0
(1296) 0 1 0 1 1 0 0 1 1 0 0 0 0
(1297) 0 1 0 1 1 0 0 1 1 0 0 1 0
(1298) 0 1 0 1 1 0 1 0 0 0 0 0 0
(1299) 0 1 0 1 1 0 1 0 0 0 0 1 0
(1300) 0 1 0 1 1 0 1 0 0 0 1 0 0
(1301) 0 1 0 1 1 0 1 0 0 0 1 1 0
(1302) 0 1 0 1 1 0 1 0 0 1 0 0 0
(1303) 0 1 0 1 1 0 1 0 0 1 0 1 0
(1304) 0 1 0 1 1 0 1 0 0 1 1 0 0
(1305) 0 1 0 1 1 0 1 0 0 1 1 1 0
(1306) 0 1 0 1 1 0 1 0 1 0 0 0 0
(1307) 0 1 0 1 1 0 1 0 1 0 0 1 0
(1308) 0 1 0 1 1 0 1 0 1 0 1 0 0
(1309) 0 1 0 1 1 0 1 0 1 0 1 1 0
(1310) 0 1 0 1 1 0 1 1 0 0 0 0 0
(1311) 0 1 0 1 1 0 1 1 0 0 0 1 0
(1312) 0 1 0 1 1 0 1 1 1 1 0 0 0
(1313) 0 1 0 1 1 0 1 1 1 1 0 1 0
(1314) 0 1 0 1 1 1 0 0 0 0 0 0 0
(1315) 0 1 0 1 1 1 0 0 0 1 0 0 0
(1316) 0 1 0 1 1 1 0 0 1 0 0 0 0
(1317) 0 1 0 1 1 1 0 0 1 1 0 0 0
(1318) 0 1 0 1 1 1 0 1 0 0 1 0 0
(1319) 0 1 0 1 1 1 0 1 0 1 1 0 0
(1320) 0 1 0 1 1 1 0 1 1 0 1 0 0
(1321) 0 1 0 1 1 1 1 0 0 0 0 0 0
(1322) 0 1 0 1 1 1 1 0 0 1 0 0 0
(1323) 0 1 0 1 1 1 1 0 1 0 0 0 0
(1324) 0 1 0 1 1 1 1 1 0 0 1 0 0
(1325) 0 1 0 1 1 1 1 1 1 1 1 0 0
(1326) 0 1 1 0 0 0 0 0 0 0 0 0 0
(1327) 0 1 1 0 0 0 0 0 0 0 0 0 1
(1328) 0 1 1 0 0 0 0 0 0 0 0 1 0
(1329) 0 1 1 0 0 0 0 0 0 0 0 1 1
(1330) 0 1 1 0 0 0 0 0 0 0 1 0 0
(1331) 0 1 1 0 0 0 0 0 0 0 1 0 1
(1332) 0 1 1 0 0 0 0 0 0 0 1 1 0
(1333) 0 1 1 0 0 0 0 0 0 0 1 1 1
(1334) 0 1 1 0 0 0 0 0 0 1 0 0 0
(1335) 0 1 1 0 0 0 0 0 0 1 0 0 1
(1336) 0 1 1 0 0 0 0 0 0 1 0 1 0
(1337) 0 1 1 0 0 0 0 0 0 1 0 1 1
(1338) 0 1 1 0 0 0 0 0 0 1 1 0 0
(1339) 0 1 1 0 0 0 0 0 0 1 1 0 1
(1340) 0 1 1 0 0 0 0 0 0 1 1 1 0
(1341) 0 1 1 0 0 0 0 0 0 1 1 1 1
(1342) 0 1 1 0 0 0 0 0 1 0 0 0 0
(1343) 0 1 1 0 0 0 0 0 1 0 0 0 1
(1344) 0 1 1 0 0 0 0 0 1 0 0 1 0
(1345) 0 1 1 0 0 0 0 0 1 0 0 1 1
(1346) 0 1 1 0 0 0 0 0 1 0 1 0 0
(1347) 0 1 1 0 0 0 0 0 1 0 1 0 1
(1348) 0 1 1 0 0 0 0 0 1 0 1 1 0
(1349) 0 1 1 0 0 0 0 0 1 0 1 1 1
(1350) 0 1 1 0 0 0 0 0 1 1 0 0 0
(1351) 0 1 1 0 0 0 0 0 1 1 0 0 1
(1352) 0 1 1 0 0 0 0 0 1 1 0 1 0
(1353) 0 1 1 0 0 0 0 0 1 1 0 1 1
(1354) 0 1 1 0 0 0 0 0 1 1 1 0 0
(1355) 0 1 1 0 0 0 0 0 1 1 1 0 1
(1356) 0 1 1 0 0 0 0 0 1 1 1 1 0
(1357) 0 1 1 0 0 0 0 0 1 1 1 1 1
(1358) 0 1 1 0 0 0 0 1 0 0 0 0 0
(1359) 0 1 1 0 0 0 0 1 0 0 0 0 1
(1360) 0 1 1 0 0 0 0 1 0 0 0 1 0
(1361) 0 1 1 0 0 0 0 1 0 0 0 1 1
(1362) 0 1 1 0 0 0 0 1 0 0 1 0 0
(1363) 0 1 1 0 0 0 0 1 0 0 1 0 1
(1364) 0 1 1 0 0 0 0 1 0 0 1 1 0
(1365) 0 1 1 0 0 0 0 1 0 0 1 1 1
(1366) 0 1 1 0 0 0 0 1 0 1 0 0 0
(1367) 0 1 1 0 0 0 0 1 0 1 0 0 1
(1368) 0 1 1 0 0 0 0 1 0 1 0 1 0
(1369) 0 1 1 0 0 0 0 1 0 1 0 1 1
(1370) 0 1 1 0 0 0 0 1 0 1 1 0 0
(1371) 0 1 1 0 0 0 0 1 0 1 1 0 1
(1372) 0 1 1 0 0 0 0 1 0 1 1 1 0
(1373) 0 1 1 0 0 0 0 1 0 1 1 1 1
(1374) 0 1 1 0 0 0 0 1 1 0 0 0 0
(1375) 0 1 1 0 0 0 0 1 1 0 0 0 1
(1376) 0 1 1 0 0 0 0 1 1 0 0 1 0
(1377) 0 1 1 0 0 0 0 1 1 0 0 1 1
(1378) 0 1 1 0 0 0 0 1 1 0 1 0 0
(1379) 0 1 1 0 0 0 0 1 1 0 1 0 1
(1380) 0 1 1 0 0 0 0 1 1 0 1 1 0
(1381) 0 1 1 0 0 0 0 1 1 0 1 1 1
(1382) 0 1 1 0 0 0 1 0 0 0 0 0 0
(1383) 0 1 1 0 0 0 1 0 0 0 0 0 1
(1384) 0 1 1 0 0 0 1 0 0 0 0 1 0
(1385) 0 1 1 0 0 0 1 0 0 0 0 1 1
(1386) 0 1 1 0 0 0 1 0 0 0 1 0 0
(1387) 0 1 1 0 0 0 1 0 0 0 1 0 1
(1388) 0 1 1 0 0 0 1 0 0 0 1 1 0
(1389) 0 1 1 0 0 0 1 0 0 0 1 1 1
(1390) 0 1 1 0 0 0 1 0 0 1 0 0 0
(1391) 0 1 1 0 0 0 1 0 0 1 0 0 1
(1392) 0 1 1 0 0 0 1 0 0 1 0 1 0
(1393) 0 1 1 0 0 0 1 0 0 1 0 1 1
(1394) 0 1 1 0 0 0 1 0 0 1 1 0 0
(1395) 0 1 1 0 0 0 1 0 0 1 1 0 1
(1396) 0 1 1 0 0 0 1 0 0 1 1 1 0
(1397) 0 1 1 0 0 0 1 0 0 1 1 1 1
(1398) 0 1 1 0 0 0 1 0 1 0 0 0 0
(1399) 0 1 1 0 0 0 1 0 1 0 0 0 1
(1400) 0 1 1 0 0 0 1 0 1 0 0 1 0
(1401) 0 1 1 0 0 0 1 0 1 0 0 1 1
(1402) 0 1 1 0 0 0 1 0 1 0 1 0 0
(1403) 0 1 1 0 0 0 1 0 1 0 1 0 1
(1404) 0 1 1 0 0 0 1 0 1 0 1 1 0
(1405) 0 1 1 0 0 0 1 0 1 0 1 1 1
(1406) 0 1 1 0 0 0 1 1 0 0 0 0 0
(1407) 0 1 1 0 0 0 1 1 0 0 0 0 1
(1408) 0 1 1 0 0 0 1 1 0 0 0 1 0
(1409) 0 1 1 0 0 0 1 1 0 0 0 1 1
(1410) 0 1 1 0 0 0 1 1 0 0 1 0 0
(1411) 0 1 1 0 0 0 1 1 0 0 1 0 1
(1412) 0 1 1 0 0 0 1 1 0 0 1 1 0
(1413) 0 1 1 0 0 0 1 1 0 0 1 1 1
(1414) 0 1 1 0 0 0 1 1 1 1 0 0 0
(1415) 0 1 1 0 0 0 1 1 1 1 0 0 1
(1416) 0 1 1 0 0 0 1 1 1 1 0 1 0
(1417) 0 1 1 0 0 0 1 1 1 1 0 1 1
(1418) 0 1 1 0 0 0 1 1 1 1 1 0 0
(1419) 0 1 1 0 0 0 1 1 1 1 1 0 1
(1420) 0 1 1 0 0 0 1 1 1 1 1 1 0
(1421) 0 1 1 0 0 0 1 1 1 1 1 1 1
(1422) 0 1 1 0 0 1 0 0 0 0 0 0 0
(1423) 0 1 1 0 0 1 0 0 0 0 0 0 1
(1424) 0 1 1 0 0 1 0 0 0 0 1 0 0
(1425) 0 1 1 0 0 1 0 0 0 0 1 0 1
(1426) 0 1 1 0 0 1 0 0 0 1 0 0 0
(1427) 0 1 1 0 0 1 0 0 0 1 0 0 1
(1428) 0 1 1 0 0 1 0 0 0 1 1 0 0
(1429) 0 1 1 0 0 1 0 0 0 1 1 0 1
(1430) 0 1 1 0 0 1 0 0 1 0 0 0 0
(1431) 0 1 1 0 0 1 0 0 1 0 0 0 1
(1432) 0 1 1 0 0 1 0 0 1 0 1 0 0
(1433) 0 1 1 0 0 1 0 0 1 0 1 0 1
(1434) 0 1 1 0 0 1 0 0 1 1 0 0 0
(1435) 0 1 1 0 0 1 0 0 1 1 0 0 1
(1436) 0 1 1 0 0 1 0 0 1 1 1 0 0
(1437) 0 1 1 0 0 1 0 0 1 1 1 0 1
(1438) 0 1 1 0 0 1 0 1 0 0 0 0 0
(1439) 0 1 1 0 0 1 0 1 0 0 0 0 1
(1440) 0 1 1 0 0 1 0 1 0 1 0 0 0
(1441) 0 1 1 0 0 1 0 1 0 1 0 0 1
(1442) 0 1 1 0 0 1 0 1 1 0 0 0 0
(1443) 0 1 1 0 0 1 0 1 1 0 0 0 1
(1444) 0 1 1 0 0 1 1 0 0 0 0 0 0
(1445) 0 1 1 0 0 1 1 0 0 0 0 0 1
(1446) 0 1 1 0 0 1 1 0 0 0 1 0 0
(1447) 0 1 1 0 0 1 1 0 0 0 1 0 1
(1448) 0 1 1 0 0 1 1 0 0 1 0 0 0
(1449) 0 1 1 0 0 1 1 0 0 1 0 0 1
(1450) 0 1 1 0 0 1 1 0 0 1 1 0 0
(1451) 0 1 1 0 0 1 1 0 0 1 1 0 1
(1452) 0 1 1 0 0 1 1 0 1 0 0 0 0
(1453) 0 1 1 0 0 1 1 0 1 0 0 0 1
(1454) 0 1 1 0 0 1 1 0 1 0 1 0 0
(1455) 0 1 1 0 0 1 1 0 1 0 1 0 1
(1456) 0 1 1 0 0 1 1 1 0 0 0 0 0
(1457) 0 1 1 0 0 1 1 1 0 0 0 0 1
(1458) 0 1 1 0 0 1 1 1 1 1 0 0 0
(1459) 0 1 1 0 0 1 1 1 1 1 0 0 1
(1460) 0 1 1 0 1 0 0 0 0 0 0 0 0
(1461) 0 1 1 0 1 0 0 0 0 0 0 0 1
(1462) 0 1 1 0 1 0 0 0 0 0 0 1 0
(1463) 0 1 1 0 1 0 0 0 0 0 0 1 1
(1464) 0 1 1 0 1 0 0 0 0 0 1 0 0
(1465) 0 1 1 0 1 0 0 0 0 0 1 0 1
(1466) 0 1 1 0 1 0 0 0 0 0 1 1 0
(1467) 0 1 1 0 1 0 0 0 0 0 1 1 1
(1468) 0 1 1 0 1 0 0 0 0 1 0 0 0
(1469) 0 1 1 0 1 0 0 0 0 1 0 0 1
(1470) 0 1 1 0 1 0 0 0 0 1 0 1 0
(1471) 0 1 1 0 1 0 0 0 0 1 0 1 1
(1472) 0 1 1 0 1 0 0 0 0 1 1 0 0
(1473) 0 1 1 0 1 0 0 0 0 1 1 0 1
(1474) 0 1 1 0 1 0 0 0 0 1 1 1 0
(1475) 0 1 1 0 1 0 0 0 0 1 1 1 1
(1476) 0 1 1 0 1 0 0 0 1 0 0 0 0
(1477) 0 1 1 0 1 0 0 0 1 0 0 0 1
(1478) 0 1 1 0 1 0 0 0 1 0 0 1 0
(1479) 0 1 1 0 1 0 0 0 1 0 0 1 1
(1480) 0 1 1 0 1 0 0 0 1 0 1 0 0
(1481) 0 1 1 0 1 0 0 0 1 0 1 0 1
(1482) 0 1 1 0 1 0 0 0 1 0 1 1 0
(1483) 0 1 1 0 1 0 0 0 1 0 1 1 1
(1484) 0 1 1 0 1 0 0 0 1 1 0 0 0
(1485) 0 1 1 0 1 0 0 0 1 1 0 0 1
(1486) 0 1 1 0 1 0 0 0 1 1 0 1 0
(1487) 0 1 1 0 1 0 0 0 1 1 0 1 1
(1488) 0 1 1 0 1 0 0 0 1 1 1 0 0
(1489) 0 1 1 0 1 0 0 0 1 1 1 0 1
(1490) 0 1 1 0 1 0 0 0 1 1 1 1 0
(1491) 0 1 1 0 1 0 0 0 1 1 1 1 1
(1492) 0 1 1 0 1 0 0 1 0 0 0 0 0
(1493) 0 1 1 0 1 0 0 1 0 0 0 0 1
(1494) 0 1 1 0 1 0 0 1 0 0 0 1 0
(1495) 0 1 1 0 1 0 0 1 0 0 0 1 1
(1496) 0 1 1 0 1 0 0 1 0 1 0 0 0
(1497) 0 1 1 0 1 0 0 1 0 1 0 0 1
(1498) 0 1 1 0 1 0 0 1 0 1 0 1 0
(1499) 0 1 1 0 1 0 0 1 0 1 0 1 1
(1500) 0 1 1 0 1 0 0 1 1 0 0 0 0
(1501) 0 1 1 0 1 0 0 1 1 0 0 0 1
(1502) 0 1 1 0 1 0 0 1 1 0 0 1 0
(1503) 0 1 1 0 1 0 0 1 1 0 0 1 1
(1504) 0 1 1 0 1 0 1 0 0 0 0 0 0
(1505) 0 1 1 0 1 0 1 0 0 0 0 0 1
(1506) 0 1 1 0 1 0 1 0 0 0 0 1 0
(1507) 0 1 1 0 1 0 1 0 0 0 0 1 1
(1508) 0 1 1 0 1 0 1 0 0 0 1 0 0
(1509) 0 1 1 0 1 0 1 0 0 0 1 0 1
(1510) 0 1 1 0 1 0 1 0 0 0 1 1 0
(1511) 0 1 1 0 1 0 1 0 0 0 1 1 1
(1512) 0 1 1 0 1 0 1 0 0 1 0 0 0
(1513) 0 1 1 0 1 0 1 0 0 1 0 0 1
(1514) 0 1 1 0 1 0 1 0 0 1 0 1 0
(1515) 0 1 1 0 1 0 1 0 0 1 0 1 1
(1516) 0 1 1 0 1 0 1 0 0 1 1 0 0
(1517) 0 1 1 0 1 0 1 0 0 1 1 0 1
(1518) 0 1 1 0 1 0 1 0 0 1 1 1 0
(1519) 0 1 1 0 1 0 1 0 0 1 1 1 1
(1520) 0 1 1 0 1 0 1 0 1 0 0 0 0
(1521) 0 1 1 0 1 0 1 0 1 0 0 0 1
(1522) 0 1 1 0 1 0 1 0 1 0 0 1 0
(1523) 0 1 1 0 1 0 1 0 1 0 0 1 1
(1524) 0 1 1 0 1 0 1 0 1 0 1 0 0
(1525) 0 1 1 0 1 0 1 0 1 0 1 0 1
(1526) 0 1 1 0 1 0 1 0 1 0 1 1 0
(1527) 0 1 1 0 1 0 1 0 1 0 1 1 1
(1528) 0 1 1 0 1 0 1 1 0 0 0 0 0
(1529) 0 1 1 0 1 0 1 1 0 0 0 0 1
(1530) 0 1 1 0 1 0 1 1 0 0 0 1 0
(1531) 0 1 1 0 1 0 1 1 0 0 0 1 1
(1532) 0 1 1 0 1 0 1 1 1 1 0 0 0
(1533) 0 1 1 0 1 0 1 1 1 1 0 0 1
(1534) 0 1 1 0 1 0 1 1 1 1 0 1 0
(1535) 0 1 1 0 1 0 1 1 1 1 0 1 1
(1536) 0 1 1 0 1 1 0 0 0 0 0 0 0
(1537) 0 1 1 0 1 1 0 0 0 0 0 0 1
(1538) 0 1 1 0 1 1 0 0 0 1 0 0 0
(1539) 0 1 1 0 1 1 0 0 0 1 0 0 1
(1540) 0 1 1 0 1 1 0 0 1 0 0 0 0
(1541) 0 1 1 0 1 1 0 0 1 0 0 0 1
(1542) 0 1 1 0 1 1 0 0 1 1 0 0 0
(1543) 0 1 1 0 1 1 0 0 1 1 0 0 1
(1544) 0 1 1 0 1 1 0 1 0 0 1 0 0
(1545) 0 1 1 0 1 1 0 1 0 0 1 0 1
(1546) 0 1 1 0 1 1 0 1 0 1 1 0 0
(1547) 0 1 1 0 1 1 0 1 0 1 1 0 1
(1548) 0 1 1 0 1 1 0 1 1 0 1 0 0
(1549) 0 1 1 0 1 1 0 1 1 0 1 0 1
(1550) 0 1 1 0 1 1 1 0 0 0 0 0 0
(1551) 0 1 1 0 1 1 1 0 0 0 0 0 1
(1552) 0 1 1 0 1 1 1 0 0 1 0 0 0
(1553) 0 1 1 0 1 1 1 0 0 1 0 0 1
(1554) 0 1 1 0 1 1 1 0 1 0 0 0 0
(1555) 0 1 1 0 1 1 1 0 1 0 0 0 1
(1556) 0 1 1 0 1 1 1 1 0 0 1 0 0
(1557) 0 1 1 0 1 1 1 1 0 0 1 0 1
(1558) 0 1 1 0 1 1 1 1 1 1 1 0 0
(1559) 0 1 1 0 1 1 1 1 1 1 1 0 1
(1560) 0 1 1 1 0 0 0 0 0 0 0 0 0
(1561) 0 1 1 1 0 0 0 0 0 0 1 0 0
(1562) 0 1 1 1 0 0 0 0 0 1 0 0 0
(1563) 0 1 1 1 0 0 0 0 0 1 1 0 0
(1564) 0 1 1 1 0 0 0 0 1 0 0 0 0
(1565) 0 1 1 1 0 0 0 0 1 0 1 0 0
(1566) 0 1 1 1 0 0 0 0 1 1 0 0 0
(1567) 0 1 1 1 0 0 0 0 1 1 1 0 0
(1568) 0 1 1 1 0 0 0 1 0 0 0 0 0
(1569) 0 1 1 1 0 0 0 1 0 0 1 0 0
(1570) 0 1 1 1 0 0 0 1 0 1 0 0 0
(1571) 0 1 1 1 0 0 0 1 0 1 1 0 0
(1572) 0 1 1 1 0 0 0 1 1 0 0 0 0
(1573) 0 1 1 1 0 0 0 1 1 0 1 0 0
(1574) 0 1 1 1 0 0 1 0 0 0 0 0 0
(1575) 0 1 1 1 0 0 1 0 0 0 1 0 0
(1576) 0 1 1 1 0 0 1 0 0 1 0 0 0
(1577) 0 1 1 1 0 0 1 0 0 1 1 0 0
(1578) 0 1 1 1 0 0 1 0 1 0 0 0 0
(1579) 0 1 1 1 0 0 1 0 1 0 1 0 0
(1580) 0 1 1 1 0 0 1 1 0 0 0 0 0
(1581) 0 1 1 1 0 0 1 1 0 0 1 0 0
(1582) 0 1 1 1 0 0 1 1 1 1 0 0 0
(1583) 0 1 1 1 0 0 1 1 1 1 1 0 0
(1584) 0 1 1 1 0 1 0 0 0 0 0 1 0
(1585) 0 1 1 1 0 1 0 0 0 0 1 1 0
(1586) 0 1 1 1 0 1 0 0 0 1 0 1 0
(1587) 0 1 1 1 0 1 0 0 0 1 1 1 0
(1588) 0 1 1 1 0 1 0 0 1 0 0 1 0
(1589) 0 1 1 1 0 1 0 0 1 0 1 1 0
(1590) 0 1 1 1 0 1 0 0 1 1 0 1 0
(1591) 0 1 1 1 0 1 0 0 1 1 1 1 0
(1592) 0 1 1 1 0 1 0 1 0 0 0 1 0
(1593) 0 1 1 1 0 1 0 1 0 1 0 1 0
(1594) 0 1 1 1 0 1 0 1 1 0 0 1 0
(1595) 0 1 1 1 0 1 1 0 0 0 0 1 0
(1596) 0 1 1 1 0 1 1 0 0 0 1 1 0
(1597) 0 1 1 1 0 1 1 0 0 1 0 1 0
(1598) 0 1 1 1 0 1 1 0 0 1 1 1 0
(1599) 0 1 1 1 0 1 1 0 1 0 0 1 0
(1600) 0 1 1 1 0 1 1 0 1 0 1 1 0
(1601) 0 1 1 1 0 1 1 1 0 0 0 1 0
(1602) 0 1 1 1 0 1 1 1 1 1 0 1 0
(1603) 0 1 1 1 1 0 0 0 0 0 0 0 0
(1604) 0 1 1 1 1 0 0 0 0 0 1 0 0
(1605) 0 1 1 1 1 0 0 0 0 1 0 0 0
(1606) 0 1 1 1 1 0 0 0 0 1 1 0 0
(1607) 0 1 1 1 1 0 0 0 1 0 0 0 0
(1608) 0 1 1 1 1 0 0 0 1 0 1 0 0
(1609) 0 1 1 1 1 0 0 0 1 1 0 0 0
(1610) 0 1 1 1 1 0 0 0 1 1 1 0 0
(1611) 0 1 1 1 1 0 0 1 0 0 0 0 0
(1612) 0 1 1 1 1 0 0 1 0 1 0 0 0
(1613) 0 1 1 1 1 0 0 1 1 0 0 0 0
(1614) 0 1 1 1 1 0 1 0 0 0 0 0 0
(1615) 0 1 1 1 1 0 1 0 0 0 1 0 0
(1616) 0 1 1 1 1 0 1 0 0 1 0 0 0
(1617) 0 1 1 1 1 0 1 0 0 1 1 0 0
(1618) 0 1 1 1 1 0 1 0 1 0 0 0 0
(1619) 0 1 1 1 1 0 1 0 1 0 1 0 0
(1620) 0 1 1 1 1 0 1 1 0 0 0 0 0
(1621) 0 1 1 1 1 0 1 1 1 1 0 0 0
(1622) 0 1 1 1 1 1 0 0 0 0 0 1 0
(1623) 0 1 1 1 1 1 0 0 0 1 0 1 0
(1624) 0 1 1 1 1 1 0 0 1 0 0 1 0
(1625) 0 1 1 1 1 1 0 0 1 1 0 1 0
(1626) 0 1 1 1 1 1 0 1 0 0 1 1 0
(1627) 0 1 1 1 1 1 0 1 0 1 1 1 0
(1628) 0 1 1 1 1 1 0 1 1 0 1 1 0
(1629) 0 1 1 1 1 1 1 0 0 0 0 1 0
(1630) 0 1 1 1 1 1 1 0 0 1 0 1 0
(1631) 0 1 1 1 1 1 1 0 1 0 0 1 0
(1632) 0 1 1 1 1 1 1 1 0 0 1 1 0
(1633) 0 1 1 1 1 1 1 1 1 1 1 1 0
(1634) 1 0 0 0 0 0 0 0 0 0 0 0 0
(1635) 1 0 0 0 0 0 0 0 0 0 0 0 1
(1636) 1 0 0 0 0 0 0 0 0 0 0 1 0
(1637) 1 0 0 0 0 0 0 0 0 0 0 1 1
(1638) 1 0 0 0 0 0 0 0 0 0 1 0 0
(1639) 1 0 0 0 0 0 0 0 0 0 1 0 1
(1640) 1 0 0 0 0 0 0 0 0 0 1 1 0
(1641) 1 0 0 0 0 0 0 0 0 0 1 1 1
(1642) 1 0 0 0 0 0 0 0 0 1 0 0 0
(1643) 1 0 0 0 0 0 0 0 0 1 0 0 1
(1644) 1 0 0 0 0 0 0 0 0 1 0 1 0
(1645) 1 0 0 0 0 0 0 0 0 1 0 1 1
(1646) 1 0 0 0 0 0 0 0 0 1 1 0 0
(1647) 1 0 0 0 0 0 0 0 0 1 1 0 1
(1648) 1 0 0 0 0 0 0 0 0 1 1 1 0
(1649) 1 0 0 0 0 0 0 0 0 1 1 1 1
(1650) 1 0 0 0 0 0 0 0 1 0 0 0 0
(1651) 1 0 0 0 0 0 0 0 1 0 0 0 1
(1652) 1 0 0 0 0 0 0 0 1 0 0 1 0
(1653) 1 0 0 0 0 0 0 0 1 0 0 1 1
(1654) 1 0 0 0 0 0 0 0 1 0 1 0 0
(1655) 1 0 0 0 0 0 0 0 1 0 1 0 1
(1656) 1 0 0 0 0 0 0 0 1 0 1 1 0
(1657) 1 0 0 0 0 0 0 0 1 0 1 1 1
(1658) 1 0 0 0 0 0 0 0 1 1 0 0 0
(1659) 1 0 0 0 0 0 0 0 1 1 0 0 1
(1660) 1 0 0 0 0 0 0 0 1 1 0 1 0
(1661) 1 0 0 0 0 0 0 0 1 1 0 1 1
(1662) 1 0 0 0 0 0 0 0 1 1 1 0 0
(1663) 1 0 0 0 0 0 0 0 1 1 1 0 1
(1664) 1 0 0 0 0 0 0 0 1 1 1 1 0
(1665) 1 0 0 0 0 0 0 0 1 1 1 1 1
(1666) 1 0 0 0 0 0 0 1 0 0 0 0 0
(1667) 1 0 0 0 0 0 0 1 0 0 0 0 1
(1668) 1 0 0 0 0 0 0 1 0 0 0 1 0
(1669) 1 0 0 0 0 0 0 1 0 0 0 1 1
(1670) 1 0 0 0 0 0 0 1 0 0 1 0 0
(1671) 1 0 0 0 0 0 0 1 0 0 1 0 1
(1672) 1 0 0 0 0 0 0 1 0 0 1 1 0
(1673) 1 0 0 0 0 0 0 1 0 0 1 1 1
(1674) 1 0 0 0 0 0 0 1 0 1 0 0 0
(1675) 1 0 0 0 0 0 0 1 0 1 0 0 1
(1676) 1 0 0 0 0 0 0 1 0 1 0 1 0
(1677) 1 0 0 0 0 0 0 1 0 1 0 1 1
(1678) 1 0 0 0 0 0 0 1 0 1 1 0 0
(1679) 1 0 0 0 0 0 0 1 0 1 1 0 1
(1680) 1 0 0 0 0 0 0 1 0 1 1 1 0
(1681) 1 0 0 0 0 0 0 1 0 1 1 1 1
(1682) 1 0 0 0 0 0 0 1 1 0 0 0 0
(1683) 1 0 0 0 0 0 0 1 1 0 0 0 1
(1684) 1 0 0 0 0 0 0 1 1 0 0 1 0
(1685) 1 0 0 0 0 0 0 1 1 0 0 1 1
(1686) 1 0 0 0 0 0 0 1 1 0 1 0 0
(1687) 1 0 0 0 0 0 0 1 1 0 1 0 1
(1688) 1 0 0 0 0 0 0 1 1 0 1 1 0
(1689) 1 0 0 0 0 0 0 1 1 0 1 1 1
(1690) 1 0 0 0 0 0 1 0 0 0 0 0 0
(1691) 1 0 0 0 0 0 1 0 0 0 0 0 1
(1692) 1 0 0 0 0 0 1 0 0 0 0 1 0
(1693) 1 0 0 0 0 0 1 0 0 0 0 1 1
(1694) 1 0 0 0 0 0 1 0 0 0 1 0 0
(1695) 1 0 0 0 0 0 1 0 0 0 1 0 1
(1696) 1 0 0 0 0 0 1 0 0 0 1 1 0
(1697) 1 0 0 0 0 0 1 0 0 0 1 1 1
(1698) 1 0 0 0 0 0 1 0 0 1 0 0 0
(1699) 1 0 0 0 0 0 1 0 0 1 0 0 1
(1700) 1 0 0 0 0 0 1 0 0 1 0 1 0
(1701) 1 0 0 0 0 0 1 0 0 1 0 1 1
(1702) 1 0 0 0 0 0 1 0 0 1 1 0 0
(1703) 1 0 0 0 0 0 1 0 0 1 1 0 1
(1704) 1 0 0 0 0 0 1 0 0 1 1 1 0
(1705) 1 0 0 0 0 0 1 0 0 1 1 1 1
(1706) 1 0 0 0 0 0 1 0 1 0 0 0 0
(1707) 1 0 0 0 0 0 1 0 1 0 0 0 1
(1708) 1 0 0 0 0 0 1 0 1 0 0 1 0
(1709) 1 0 0 0 0 0 1 0 1 0 0 1 1
(1710) 1 0 0 0 0 0 1 0 1 0 1 0 0
(1711) 1 0 0 0 0 0 1 0 1 0 1 0 1
(1712) 1 0 0 0 0 0 1 0 1 0 1 1 0
(1713) 1 0 0 0 0 0 1 0 1 0 1 1 1
(1714) 1 0 0 0 0 0 1 1 0 0 0 0 0
(1715) 1 0 0 0 0 0 1 1 0 0 0 0 1
(1716) 1 0 0 0 0 0 1 1 0 0 0 1 0
(1717) 1 0 0 0 0 0 1 1 0 0 0 1 1
(1718) 1 0 0 0 0 0 1 1 0 0 1 0 0
(1719) 1 0 0 0 0 0 1 1 0 0 1 0 1
(1720) 1 0 0 0 0 0 1 1 0 0 1 1 0
(1721) 1 0 0 0 0 0 1 1 0 0 1 1 1
(1722) 1 0 0 0 0 0 1 1 1 1 0 0 0
(1723) 1 0 0 0 0 0 1 1 1 1 0 0 1
(1724) 1 0 0 0 0 0 1 1 1 1 0 1 0
(1725) 1 0 0 0 0 0 1 1 1 1 0 1 1
(1726) 1 0 0 0 0 0 1 1 1 1 1 0 0
(1727) 1 0 0 0 0 0 1 1 1 1 1 0 1
(1728) 1 0 0 0 0 0 1 1 1 1 1 1 0
(1729) 1 0 0 0 0 0 1 1 1 1 1 1 1
(1730) 1 0 0 0 0 1 0 0 0 0 0 0 0
(1731) 1 0 0 0 0 1 0 0 0 0 0 0 1
(1732) 1 0 0 0 0 1 0 0 0 0 0 1 0
(1733) 1 0 0 0 0 1 0 0 0 0 0 1 1
(1734) 1 0 0 0 0 1 0 0 0 0 1 0 0
(1735) 1 0 0 0 0 1 0 0 0 0 1 0 1
(1736) 1 0 0 0 0 1 0 0 0 0 1 1 0
(1737) 1 0 0 0 0 1 0 0 0 0 1 1 1
(1738) 1 0 0 0 0 1 0 0 0 1 0 0 0
(1739) 1 0 0 0 0 1 0 0 0 1 0 0 1
(1740) 1 0 0 0 0 1 0 0 0 1 0 1 0
(1741) 1 0 0 0 0 1 0 0 0 1 0 1 1
(1742) 1 0 0 0 0 1 0 0 0 1 1 0 0
(1743) 1 0 0 0 0 1 0 0 0 1 1 0 1
(1744) 1 0 0 0 0 1 0 0 0 1 1 1 0
(1745) 1 0 0 0 0 1 0 0 0 1 1 1 1
(1746) 1 0 0 0 0 1 0 0 1 0 0 0 0
(1747) 1 0 0 0 0 1 0 0 1 0 0 0 1
(1748) 1 0 0 0 0 1 0 0 1 0 0 1 0
(1749) 1 0 0 0 0 1 0 0 1 0 0 1 1
(1750) 1 0 0 0 0 1 0 0 1 0 1 0 0
(1751) 1 0 0 0 0 1 0 0 1 0 1 0 1
(1752) 1 0 0 0 0 1 0 0 1 0 1 1 0
(1753) 1 0 0 0 0 1 0 0 1 0 1 1 1
(1754) 1 0 0 0 0 1 0 0 1 1 0 0 0
(1755) 1 0 0 0 0 1 0 0 1 1 0 0 1
(1756) 1 0 0 0 0 1 0 0 1 1 0 1 0
(1757) 1 0 0 0 0 1 0 0 1 1 0 1 1
(1758) 1 0 0 0 0 1 0 0 1 1 1 0 0
(1759) 1 0 0 0 0 1 0 0 1 1 1 0 1
(1760) 1 0 0 0 0 1 0 0 1 1 1 1 0
(1761) 1 0 0 0 0 1 0 0 1 1 1 1 1
(1762) 1 0 0 0 0 1 0 1 0 0 0 0 0
(1763) 1 0 0 0 0 1 0 1 0 0 0 0 1
(1764) 1 0 0 0 0 1 0 1 0 0 0 1 0
(1765) 1 0 0 0 0 1 0 1 0 0 0 1 1
(1766) 1 0 0 0 0 1 0 1 0 1 0 0 0
(1767) 1 0 0 0 0 1 0 1 0 1 0 0 1
(1768) 1 0 0 0 0 1 0 1 0 1 0 1 0
(1769) 1 0 0 0 0 1 0 1 0 1 0 1 1
(1770) 1 0 0 0 0 1 0 1 1 0 0 0 0
(1771) 1 0 0 0 0 1 0 1 1 0 0 0 1
(1772) 1 0 0 0 0 1 0 1 1 0 0 1 0
(1773) 1 0 0 0 0 1 0 1 1 0 0 1 1
(1774) 1 0 0 0 0 1 1 0 0 0 0 0 0
(1775) 1 0 0 0 0 1 1 0 0 0 0 0 1
(1776) 1 0 0 0 0 1 1 0 0 0 0 1 0
(1777) 1 0 0 0 0 1 1 0 0 0 0 1 1
(1778) 1 0 0 0 0 1 1 0 0 0 1 0 0
(1779) 1 0 0 0 0 1 1 0 0 0 1 0 1
(1780) 1 0 0 0 0 1 1 0 0 0 1 1 0
(1781) 1 0 0 0 0 1 1 0 0 0 1 1 1
(1782) 1 0 0 0 0 1 1 0 0 1 0 0 0
(1783) 1 0 0 0 0 1 1 0 0 1 0 0 1
(1784) 1 0 0 0 0 1 1 0 0 1 0 1 0
(1785) 1 0 0 0 0 1 1 0 0 1 0 1 1
(1786) 1 0 0 0 0 1 1 0 0 1 1 0 0
(1787) 1 0 0 0 0 1 1 0 0 1 1 0 1
(1788) 1 0 0 0 0 1 1 0 0 1 1 1 0
(1789) 1 0 0 0 0 1 1 0 0 1 1 1 1
(1790) 1 0 0 0 0 1 1 0 1 0 0 0 0
(1791) 1 0 0 0 0 1 1 0 1 0 0 0 1
(1792) 1 0 0 0 0 1 1 0 1 0 0 1 0
(1793) 1 0 0 0 0 1 1 0 1 0 0 1 1
(1794) 1 0 0 0 0 1 1 0 1 0 1 0 0
(1795) 1 0 0 0 0 1 1 0 1 0 1 0 1
(1796) 1 0 0 0 0 1 1 0 1 0 1 1 0
(1797) 1 0 0 0 0 1 1 0 1 0 1 1 1
(1798) 1 0 0 0 0 1 1 1 0 0 0 0 0
(1799) 1 0 0 0 0 1 1 1 0 0 0 0 1
(1800) 1 0 0 0 0 1 1 1 0 0 0 1 0
(1801) 1 0 0 0 0 1 1 1 0 0 0 1 1
(1802) 1 0 0 0 0 1 1 1 1 1 0 0 0
(1803) 1 0 0 0 0 1 1 1 1 1 0 0 1
(1804) 1 0 0 0 0 1 1 1 1 1 0 1 0
(1805) 1 0 0 0 0 1 1 1 1 1 0 1 1
(1806) 1 0 0 0 1 0 0 0 0 0 0 0 0
(1807) 1 0 0 0 1 0 0 0 0 0 0 0 1
(1808) 1 0 0 0 1 0 0 0 0 0 0 1 0
(1809) 1 0 0 0 1 0 0 0 0 0 0 1 1
(1810) 1 0 0 0 1 0 0 0 0 0 1 0 0
(1811) 1 0 0 0 1 0 0 0 0 0 1 0 1
(1812) 1 0 0 0 1 0 0 0 0 0 1 1 0
(1813) 1 0 0 0 1 0 0 0 0 0 1 1 1
(1814) 1 0 0 0 1 0 0 0 0 1 0 0 0
(1815) 1 0 0 0 1 0 0 0 0 1 0 0 1
(1816) 1 0 0 0 1 0 0 0 0 1 0 1 0
(1817) 1 0 0 0 1 0 0 0 0 1 0 1 1
(1818) 1 0 0 0 1 0 0 0 0 1 1 0 0
(1819) 1 0 0 0 1 0 0 0 0 1 1 0 1
(1820) 1 0 0 0 1 0 0 0 0 1 1 1 0
(1821) 1 0 0 0 1 0 0 0 0 1 1 1 1
(1822) 1 0 0 0 1 0 0 0 1 0 0 0 0
(1823) 1 0 0 0 1 0 0 0 1 0 0 0 1
(1824) 1 0 0 0 1 0 0 0 1 0 0 1 0
(1825) 1 0 0 0 1 0 0 0 1 0 0 1 1
(1826) 1 0 0 0 1 0 0 0 1 0 1 0 0
(1827) 1 0 0 0 1 0 0 0 1 0 1 0 1
(1828) 1 0 0 0 1 0 0 0 1 0 1 1 0
(1829) 1 0 0 0 1 0 0 0 1 0 1 1 1
(1830) 1 0 0 0 1 0 0 0 1 1 0 0 0
(1831) 1 0 0 0 1 0 0 0 1 1 0 0 1
(1832) 1 0 0 0 1 0 0 0 1 1 0 1 0
(1833) 1 0 0 0 1 0 0 0 1 1 0 1 1
(1834) 1 0 0 0 1 0 0 0 1 1 1 0 0
(1835) 1 0 0 0 1 0 0 0 1 1 1 0 1
(1836) 1 0 0 0 1 0 0 0 1 1 1 1 0
(1837) 1 0 0 0 1 0 0 0 1 1 1 1 1
(1838) 1 0 0 0 1 0 0 1 0 0 0 0 0
(1839) 1 0 0 0 1 0 0 1 0 0 0 0 1
(1840) 1 0 0 0 1 0 0 1 0 0 0 1 0
(1841) 1 0 0 0 1 0 0 1 0 0 0 1 1
(1842) 1 0 0 0 1 0 0 1 0 1 0 0 0
(1843) 1 0 0 0 1 0 0 1 0 1 0 0 1
(1844) 1 0 0 0 1 0 0 1 0 1 0 1 0
(1845) 1 0 0 0 1 0 0 1 0 1 0 1 1
(1846) 1 0 0 0 1 0 0 1 1 0 0 0 0
(1847) 1 0 0 0 1 0 0 1 1 0 0 0 1
(1848) 1 0 0 0 1 0 0 1 1 0 0 1 0
(1849) 1 0 0 0 1 0 0 1 1 0 0 1 1
(1850) 1 0 0 0 1 0 1 0 0 0 0 0 0
(1851) 1 0 0 0 1 0 1 0 0 0 0 0 1
(1852) 1 0 0 0 1 0 1 0 0 0 0 1 0
(1853) 1 0 0 0 1 0 1 0 0 0 0 1 1
(1854) 1 0 0 0 1 0 1 0 0 0 1 0 0
(1855) 1 0 0 0 1 0 1 0 0 0 1 0 1
(1856) 1 0 0 0 1 0 1 0 0 0 1 1 0
(1857) 1 0 0 0 1 0 1 0 0 0 1 1 1
(1858) 1 0 0 0 1 0 1 0 0 1 0 0 0
(1859) 1 0 0 0 1 0 1 0 0 1 0 0 1
(1860) 1 0 0 0 1 0 1 0 0 1 0 1 0
(1861) 1 0 0 0 1 0 1 0 0 1 0 1 1
(1862) 1 0 0 0 1 0 1 0 0 1 1 0 0
(1863) 1 0 0 0 1 0 1 0 0 1 1 0 1
(1864) 1 0 0 0 1 0 1 0 0 1 1 1 0
(1865) 1 0 0 0 1 0 1 0 0 1 1 1 1
(1866) 1 0 0 0 1 0 1 0 1 0 0 0 0
(1867) 1 0 0 0 1 0 1 0 1 0 0 0 1
(1868) 1 0 0 0 1 0 1 0 1 0 0 1 0
(1869) 1 0 0 0 1 0 1 0 1 0 0 1 1
(1870) 1 0 0 0 1 0 1 0 1 0 1 0 0
(1871) 1 0 0 0 1 0 1 0 1 0 1 0 1
(1872) 1 0 0 0 1 0 1 0 1 0 1 1 0
(1873) 1 0 0 0 1 0 1 0 1 0 1 1 1
(1874) 1 0 0 0 1 0 1 1 0 0 0 0 0
(1875) 1 0 0 0 1 0 1 1 0 0 0 0 1
(1876) 1 0 0 0 1 0 1 1 0 0 0 1 0
(1877) 1 0 0 0 1 0 1 1 0 0 0 1 1
(1878) 1 0 0 0 1 0 1 1 1 1 0 0 0
(1879) 1 0 0 0 1 0 1 1 1 1 0 0 1
(1880) 1 0 0 0 1 0 1 1 1 1 0 1 0
(1881) 1 0 0 0 1 0 1 1 1 1 0 1 1
(1882) 1 0 0 0 1 1 0 0 0 0 0 0 0
(1883) 1 0 0 0 1 1 0 0 0 0 0 0 1
(1884) 1 0 0 0 1 1 0 0 0 0 0 1 0
(1885) 1 0 0 0 1 1 0 0 0 0 0 1 1
(1886) 1 0 0 0 1 1 0 0 0 1 0 0 0
(1887) 1 0 0 0 1 1 0 0 0 1 0 0 1
(1888) 1 0 0 0 1 1 0 0 0 1 0 1 0
(1889) 1 0 0 0 1 1 0 0 0 1 0 1 1
(1890) 1 0 0 0 1 1 0 0 1 0 0 0 0
(1891) 1 0 0 0 1 1 0 0 1 0 0 0 1
(1892) 1 0 0 0 1 1 0 0 1 0 0 1 0
(1893) 1 0 0 0 1 1 0 0 1 0 0 1 1
(1894) 1 0 0 0 1 1 0 0 1 1 0 0 0
(1895) 1 0 0 0 1 1 0 0 1 1 0 0 1
(1896) 1 0 0 0 1 1 0 0 1 1 0 1 0
(1897) 1 0 0 0 1 1 0 0 1 1 0 1 1
(1898) 1 0 0 0 1 1 0 1 0 0 1 0 0
(1899) 1 0 0 0 1 1 0 1 0 0 1 0 1
(1900) 1 0 0 0 1 1 0 1 0 0 1 1 0
(1901) 1 0 0 0 1 1 0 1 0 0 1 1 1
(1902) 1 0 0 0 1 1 0 1 0 1 1 0 0
(1903) 1 0 0 0 1 1 0 1 0 1 1 0 1
(1904) 1 0 0 0 1 1 0 1 0 1 1 1 0
(1905) 1 0 0 0 1 1 0 1 0 1 1 1 1
(1906) 1 0 0 0 1 1 0 1 1 0 1 0 0
(1907) 1 0 0 0 1 1 0 1 1 0 1 0 1
(1908) 1 0 0 0 1 1 0 1 1 0 1 1 0
(1909) 1 0 0 0 1 1 0 1 1 0 1 1 1
(1910) 1 0 0 0 1 1 1 0 0 0 0 0 0
(1911) 1 0 0 0 1 1 1 0 0 0 0 0 1
(1912) 1 0 0 0 1 1 1 0 0 0 0 1 0
(1913) 1 0 0 0 1 1 1 0 0 0 0 1 1
(1914) 1 0 0 0 1 1 1 0 0 1 0 0 0
(1915) 1 0 0 0 1 1 1 0 0 1 0 0 1
(1916) 1 0 0 0 1 1 1 0 0 1 0 1 0
(1917) 1 0 0 0 1 1 1 0 0 1 0 1 1
(1918) 1 0 0 0 1 1 1 0 1 0 0 0 0
(1919) 1 0 0 0 1 1 1 0 1 0 0 0 1
(1920) 1 0 0 0 1 1 1 0 1 0 0 1 0
(1921) 1 0 0 0 1 1 1 0 1 0 0 1 1
(1922) 1 0 0 0 1 1 1 1 0 0 1 0 0
(1923) 1 0 0 0 1 1 1 1 0 0 1 0 1
(1924) 1 0 0 0 1 1 1 1 0 0 1 1 0
(1925) 1 0 0 0 1 1 1 1 0 0 1 1 1
(1926) 1 0 0 0 1 1 1 1 1 1 1 0 0
(1927) 1 0 0 0 1 1 1 1 1 1 1 0 1
(1928) 1 0 0 0 1 1 1 1 1 1 1 1 0
(1929) 1 0 0 0 1 1 1 1 1 1 1 1 1
(1930) 1 0 0 1 0 0 0 0 0 0 0 0 0
(1931) 1 0 0 1 0 0 0 0 0 0 0 1 0
(1932) 1 0 0 1 0 0 0 0 0 0 1 0 0
(1933) 1 0 0 1 0 0 0 0 0 0 1 1 0
(1934) 1 0 0 1 0 0 0 0 0 1 0 0 0
(1935) 1 0 0 1 0 0 0 0 0 1 0 1 0
(1936) 1 0 0 1 0 0 0 0 0 1 1 0 0
(1937) 1 0 0 1 0 0 0 0 0 1 1 1 0
(1938) 1 0 0 1 0 0 0 0 1 0 0 0 0
(1939) 1 0 0 1 0 0 0 0 1 0 0 1 0
(1940) 1 0 0 1 0 0 0 0 1 0 1 0 0
(1941) 1 0 0 1 0 0 0 0 1 0 1 1 0
(1942) 1 0 0 1 0 0 0 0 1 1 0 0 0
(1943) 1 0 0 1 0 0 0 0 1 1 0 1 0
(1944) 1 0 0 1 0 0 0 0 1 1 1 0 0
(1945) 1 0 0 1 0 0 0 0 1 1 1 1 0
(1946) 1 0 0 1 0 0 0 1 0 0 0 0 0
(1947) 1 0 0 1 0 0 0 1 0 0 0 1 0
(1948) 1 0 0 1 0 0 0 1 0 0 1 0 0
(1949) 1 0 0 1 0 0 0 1 0 0 1 1 0
(1950) 1 0 0 1 0 0 0 1 0 1 0 0 0
(1951) 1 0 0 1 0 0 0 1 0 1 0 1 0
(1952) 1 0 0 1 0 0 0 1 0 1 1 0 0
(1953) 1 0 0 1 0 0 0 1 0 1 1 1 0
(1954) 1 0 0 1 0 0 0 1 1 0 0 0 0
(1955) 1 0 0 1 0 0 0 1 1 0 0 1 0
(1956) 1 0 0 1 0 0 0 1 1 0 1 0 0
(1957) 1 0 0 1 0 0 0 1 1 0 1 1 0
(1958) 1 0 0 1 0 0 1 0 0 0 0 0 0
(1959) 1 0 0 1 0 0 1 0 0 0 0 1 0
(1960) 1 0 0 1 0 0 1 0 0 0 1 0 0
(1961) 1 0 0 1 0 0 1 0 0 0 1 1 0
(1962) 1 0 0 1 0 0 1 0 0 1 0 0 0
(1963) 1 0 0 1 0 0 1 0 0 1 0 1 0
(1964) 1 0 0 1 0 0 1 0 0 1 1 0 0
(1965) 1 0 0 1 0 0 1 0 0 1 1 1 0
(1966) 1 0 0 1 0 0 1 0 1 0 0 0 0
(1967) 1 0 0 1 0 0 1 0 1 0 0 1 0
(1968) 1 0 0 1 0 0 1 0 1 0 1 0 0
(1969) 1 0 0 1 0 0 1 0 1 0 1 1 0
(1970) 1 0 0 1 0 0 1 1 0 0 0 0 0
(1971) 1 0 0 1 0 0 1 1 0 0 0 1 0
(1972) 1 0 0 1 0 0 1 1 0 0 1 0 0
(1973) 1 0 0 1 0 0 1 1 0 0 1 1 0
(1974) 1 0 0 1 0 0 1 1 1 1 0 0 0
(1975) 1 0 0 1 0 0 1 1 1 1 0 1 0
(1976) 1 0 0 1 0 0 1 1 1 1 1 0 0
(1977) 1 0 0 1 0 0 1 1 1 1 1 1 0
(1978) 1 0 0 1 0 1 0 0 0 0 0 0 0
(1979) 1 0 0 1 0 1 0 0 0 0 1 0 0
(1980) 1 0 0 1 0 1 0 0 0 1 0 0 0
(1981) 1 0 0 1 0 1 0 0 0 1 1 0 0
(1982) 1 0 0 1 0 1 0 0 1 0 0 0 0
(1983) 1 0 0 1 0 1 0 0 1 0 1 0 0
(1984) 1 0 0 1 0 1 0 0 1 1 0 0 0
(1985) 1 0 0 1 0 1 0 0 1 1 1 0 0
(1986) 1 0 0 1 0 1 0 1 0 0 0 0 0
(1987) 1 0 0 1 0 1 0 1 0 1 0 0 0
(1988) 1 0 0 1 0 1 0 1 1 0 0 0 0
(1989) 1 0 0 1 0 1 1 0 0 0 0 0 0
(1990) 1 0 0 1 0 1 1 0 0 0 1 0 0
(1991) 1 0 0 1 0 1 1 0 0 1 0 0 0
(1992) 1 0 0 1 0 1 1 0 0 1 1 0 0
(1993) 1 0 0 1 0 1 1 0 1 0 0 0 0
(1994) 1 0 0 1 0 1 1 0 1 0 1 0 0
(1995) 1 0 0 1 0 1 1 1 0 0 0 0 0
(1996) 1 0 0 1 0 1 1 1 1 1 0 0 0
(1997) 1 0 0 1 1 0 0 0 0 0 0 0 0
(1998) 1 0 0 1 1 0 0 0 0 0 0 1 0
(1999) 1 0 0 1 1 0 0 0 0 0 1 0 0
(2000) 1 0 0 1 1 0 0 0 0 0 1 1 0
(2001) 1 0 0 1 1 0 0 0 0 1 0 0 0
(2002) 1 0 0 1 1 0 0 0 0 1 0 1 0
(2003) 1 0 0 1 1 0 0 0 0 1 1 0 0
(2004) 1 0 0 1 1 0 0 0 0 1 1 1 0
(2005) 1 0 0 1 1 0 0 0 1 0 0 0 0
(2006) 1 0 0 1 1 0 0 0 1 0 0 1 0
(2007) 1 0 0 1 1 0 0 0 1 0 1 0 0
(2008) 1 0 0 1 1 0 0 0 1 0 1 1 0
(2009) 1 0 0 1 1 0 0 0 1 1 0 0 0
(2010) 1 0 0 1 1 0 0 0 1 1 0 1 0
(2011) 1 0 0 1 1 0 0 0 1 1 1 0 0
(2012) 1 0 0 1 1 0 0 0 1 1 1 1 0
(2013) 1 0 0 1 1 0 0 1 0 0 0 0 0
(2014) 1 0 0 1 1 0 0 1 0 0 0 1 0
(2015) 1 0 0 1 1 0 0 1 0 1 0 0 0
(2016) 1 0 0 1 1 0 0 1 0 1 0 1 0
(2017) 1 0 0 1 1 0 0 1 1 0 0 0 0
(2018) 1 0 0 1 1 0 0 1 1 0 0 1 0
(2019) 1 0 0 1 1 0 1 0 0 0 0 0 0
(2020) 1 0 0 1 1 0 1 0 0 0 0 1 0
(2021) 1 0 0 1 1 0 1 0 0 0 1 0 0
(2022) 1 0 0 1 1 0 1 0 0 0 1 1 0
(2023) 1 0 0 1 1 0 1 0 0 1 0 0 0
(2024) 1 0 0 1 1 0 1 0 0 1 0 1 0
(2025) 1 0 0 1 1 0 1 0 0 1 1 0 0
(2026) 1 0 0 1 1 0 1 0 0 1 1 1 0
(2027) 1 0 0 1 1 0 1 0 1 0 0 0 0
(2028) 1 0 0 1 1 0 1 0 1 0 0 1 0
(2029) 1 0 0 1 1 0 1 0 1 0 1 0 0
(2030) 1 0 0 1 1 0 1 0 1 0 1 1 0
(2031) 1 0 0 1 1 0 1 1 0 0 0 0 0
(2032) 1 0 0 1 1 0 1 1 0 0 0 1 0
(2033) 1 0 0 1 1 0 1 1 1 1 0 0 0
(2034) 1 0 0 1 1 0 1 1 1 1 0 1 0
(2035) 1 0 0 1 1 1 0 0 0 0 0 0 0
(2036) 1 0 0 1 1 1 0 0 0 1 0 0 0
(2037) 1 0 0 1 1 1 0 0 1 0 0 0 0
(2038) 1 0 0 1 1 1 0 0 1 1 0 0 0
(2039) 1 0 0 1 1 1 0 1 0 0 1 0 0
(2040) 1 0 0 1 1 1 0 1 0 1 1 0 0
(2041) 1 0 0 1 1 1 0 1 1 0 1 0 0
(2042) 1 0 0 1 1 1 1 0 0 0 0 0 0
(2043) 1 0 0 1 1 1 1 0 0 1 0 0 0
(2044) 1 0 0 1 1 1 1 0 1 0 0 0 0
(2045) 1 0 0 1 1 1 1 1 0 0 1 0 0
(2046) 1 0 0 1 1 1 1 1 1 1 1 0 0
(2047) 1 0 1 0 0 0 0 0 0 0 0 0 0
(2048) 1 0 1 0 0 0 0 0 0 0 0 0 1
(2049) 1 0 1 0 0 0 0 0 0 0 0 1 0
(2050) 1 0 1 0 0 0 0 0 0 0 0 1 1
(2051) 1 0 1 0 0 0 0 0 0 0 1 0 0
(2052) 1 0 1 0 0 0 0 0 0 0 1 0 1
(2053) 1 0 1 0 0 0 0 0 0 0 1 1 0
(2054) 1 0 1 0 0 0 0 0 0 0 1 1 1
(2055) 1 0 1 0 0 0 0 0 0 1 0 0 0
(2056) 1 0 1 0 0 0 0 0 0 1 0 0 1
(2057) 1 0 1 0 0 0 0 0 0 1 0 1 0
(2058) 1 0 1 0 0 0 0 0 0 1 0 1 1
(2059) 1 0 1 0 0 0 0 0 0 1 1 0 0
(2060) 1 0 1 0 0 0 0 0 0 1 1 0 1
(2061) 1 0 1 0 0 0 0 0 0 1 1 1 0
(2062) 1 0 1 0 0 0 0 0 0 1 1 1 1
(2063) 1 0 1 0 0 0 0 0 1 0 0 0 0
(2064) 1 0 1 0 0 0 0 0 1 0 0 0 1
(2065) 1 0 1 0 0 0 0 0 1 0 0 1 0
(2066) 1 0 1 0 0 0 0 0 1 0 0 1 1
(2067) 1 0 1 0 0 0 0 0 1 0 1 0 0
(2068) 1 0 1 0 0 0 0 0 1 0 1 0 1
(2069) 1 0 1 0 0 0 0 0 1 0 1 1 0
(2070) 1 0 1 0 0 0 0 0 1 0 1 1 1
(2071) 1 0 1 0 0 0 0 0 1 1 0 0 0
(2072) 1 0 1 0 0 0 0 0 1 1 0 0 1
(2073) 1 0 1 0 0 0 0 0 1 1 0 1 0
(2074) 1 0 1 0 0 0 0 0 1 1 0 1 1
(2075) 1 0 1 0 0 0 0 0 1 1 1 0 0
(2076) 1 0 1 0 0 0 0 0 1 1 1 0 1
(2077) 1 0 1 0 0 0 0 0 1 1 1 1 0
(2078) 1 0 1 0 0 0 0 0 1 1 1 1 1
(2079) 1 0 1 0 0 0 0 1 0 0 0 0 0
(2080) 1 0 1 0 0 0 0 1 0 0 0 0 1
(2081) 1 0 1 0 0 0 0 1 0 0 0 1 0
(2082) 1 0 1 0 0 0 0 1 0 0 0 1 1
(2083) 1 0 1 0 0 0 0 1 0 0 1 0 0
(2084) 1 0 1 0 0 0 0 1 0 0 1 0 1
(2085) 1 0 1 0 0 0 0 1 0 0 1 1 0
(2086) 1 0 1 0 0 0 0 1 0 0 1 1 1
(2087) 1 0 1 0 0 0 0 1 0 1 0 0 0
(2088) 1 0 1 0 0 0 0 1 0 1 0 0 1
(2089) 1 0 1 0 0 0 0 1 0 1 0 1 0
(2090) 1 0 1 0 0 0 0 1 0 1 0 1 1
(2091) 1 0 1 0 0 0 0 1 0 1 1 0 0
(2092) 1 0 1 0 0 0 0 1 0 1 1 0 1
(2093) 1 0 1 0 0 0 0 1 0 1 1 1 0
(2094) 1 0 1 0 0 0 0 1 0 1 1 1 1
(2095) 1 0 1 0 0 0 0 1 1 0 0 0 0
(2096) 1 0 1 0 0 0 0 1 1 0 0 0 1
(2097) 1 0 1 0 0 0 0 1 1 0 0 1 0
(2098) 1 0 1 0 0 0 0 1 1 0 0 1 1
(2099) 1 0 1 0 0 0 0 1 1 0 1 0 0
(2100) 1 0 1 0 0 0 0 1 1 0 1 0 1
(2101) 1 0 1 0 0 0 0 1 1 0 1 1 0
(2102) 1 0 1 0 0 0 0 1 1 0 1 1 1
(2103) 1 0 1 0 0 0 1 0 0 0 0 0 0
(2104) 1 0 1 0 0 0 1 0 0 0 0 0 1
(2105) 1 0 1 0 0 0 1 0 0 0 0 1 0
(2106) 1 0 1 0 0 0 1 0 0 0 0 1 1
(2107) 1 0 1 0 0 0 1 0 0 0 1 0 0
(2108) 1 0 1 0 0 0 1 0 0 0 1 0 1
(2109) 1 0 1 0 0 0 1 0 0 0 1 1 0
(2110) 1 0 1 0 0 0 1 0 0 0 1 1 1
(2111) 1 0 1 0 0 0 1 0 0 1 0 0 0
(2112) 1 0 1 0 0 0 1 0 0 1 0 0 1
(2113) 1 0 1 0 0 0 1 0 0 1 0 1 0
(2114) 1 0 1 0 0 0 1 0 0 1 0 1 1
(2115) 1 0 1 0 0 0 1 0 0 1 1 0 0
(2116) 1 0 1 0 0 0 1 0 0 1 1 0 1
(2117) 1 0 1 0 0 0 1 0 0 1 1 1 0
(2118) 1 0 1 0 0 0 1 0 0 1 1 1 1
(2119) 1 0 1 0 0 0 1 0 1 0 0 0 0
(2120) 1 0 1 0 0 0 1 0 1 0 0 0 1
(2121) 1 0 1 0 0 0 1 0 1 0 0 1 0
(2122) 1 0 1 0 0 0 1 0 1 0 0 1 1
(2123) 1 0 1 0 0 0 1 0 1 0 1 0 0
(2124) 1 0 1 0 0 0 1 0 1 0 1 0 1
(2125) 1 0 1 0 0 0 1 0 1 0 1 1 0
(2126) 1 0 1 0 0 0 1 0 1 0 1 1 1
(2127) 1 0 1 0 0 0 1 1 0 0 0 0 0
(2128) 1 0 1 0 0 0 1 1 0 0 0 0 1
(2129) 1 0 1 0 0 0 1 1 0 0 0 1 0
(2130) 1 0 1 0 0 0 1 1 0 0 0 1 1
(2131) 1 0 1 0 0 0 1 1 0 0 1 0 0
(2132) 1 0 1 0 0 0 1 1 0 0 1 0 1
(2133) 1 0 1 0 0 0 1 1 0 0 1 1 0
(2134) 1 0 1 0 0 0 1 1 0 0 1 1 1
(2135) 1 0 1 0 0 0 1 1 1 1 0 0 0
(2136) 1 0 1 0 0 0 1 1 1 1 0 0 1
(2137) 1 0 1 0 0 0 1 1 1 1 0 1 0
(2138) 1 0 1 0 0 0 1 1 1 1 0 1 1
(2139) 1 0 1 0 0 0 1 1 1 1 1 0 0
(2140) 1 0 1 0 0 0 1 1 1 1 1 0 1
(2141) 1 0 1 0 0 0 1 1 1 1 1 1 0
(2142) 1 0 1 0 0 0 1 1 1 1 1 1 1
(2143) 1 0 1 0 0 1 0 0 0 0 0 0 0
(2144) 1 0 1 0 0 1 0 0 0 0 0 0 1
(2145) 1 0 1 0 0 1 0 0 0 0 1 0 0
(2146) 1 0 1 0 0 1 0 0 0 0 1 0 1
(2147) 1 0 1 0 0 1 0 0 0 1 0 0 0
(2148) 1 0 1 0 0 1 0 0 0 1 0 0 1
(2149) 1 0 1 0 0 1 0 0 0 1 1 0 0
(2150) 1 0 1 0 0 1 0 0 0 1 1 0 1
(2151) 1 0 1 0 0 1 0 0 1 0 0 0 0
(2152) 1 0 1 0 0 1 0 0 1 0 0 0 1
(2153) 1 0 1 0 0 1 0 0 1 0 1 0 0
(2154) 1 0 1 0 0 1 0 0 1 0 1 0 1
(2155) 1 0 1 0 0 1 0 0 1 1 0 0 0
(2156) 1 0 1 0 0 1 0 0 1 1 0 0 1
(2157) 1 0 1 0 0 1 0 0 1 1 1 0 0
(2158) 1 0 1 0 0 1 0 0 1 1 1 0 1
(2159) 1 0 1 0 0 1 0 1 0 0 0 0 0
(2160) 1 0 1 0 0 1 0 1 0 0 0 0 1
(2161) 1 0 1 0 0 1 0 1 0 1 0 0 0
(2162) 1 0 1 0 0 1 0 1 0 1 0 0 1
(2163) 1 0 1 0 0 1 0 1 1 0 0 0 0
(2164) 1 0 1 0 0 1 0 1 1 0 0 0 1
(2165) 1 0 1 0 0 1 1 0 0 0 0 0 0
(2166) 1 0 1 0 0 1 1 0 0 0 0 0 1
(2167) 1 0 1 0 0 1 1 0 0 0 1 0 0
(2168) 1 0 1 0 0 1 1 0 0 0 1 0 1
(2169) 1 0 1 0 0 1 1 0 0 1 0 0 0
(2170) 1 0 1 0 0 1 1 0 0 1 0 0 1
(2171) 1 0 1 0 0 1 1 0 0 1 1 0 0
(2172) 1 0 1 0 0 1 1 0 0 1 1 0 1
(2173) 1 0 1 0 0 1 1 0 1 0 0 0 0
(2174) 1 0 1 0 0 1 1 0 1 0 0 0 1
(2175) 1 0 1 0 0 1 1 0 1 0 1 0 0
(2176) 1 0 1 0 0 1 1 0 1 0 1 0 1
(2177) 1 0 1 0 0 1 1 1 0 0 0 0 0
(2178) 1 0 1 0 0 1 1 1 0 0 0 0 1
(2179) 1 0 1 0 0 1 1 1 1 1 0 0 0
(2180) 1 0 1 0 0 1 1 1 1 1 0 0 1
(2181) 1 0 1 0 1 0 0 0 0 0 0 0 0
(2182) 1 0 1 0 1 0 0 0 0 0 0 0 1
(2183) 1 0 1 0 1 0 0 0 0 0 0 1 0
(2184) 1 0 1 0 1 0 0 0 0 0 0 1 1
(2185) 1 0 1 0 1 0 0 0 0 0 1 0 0
(2186) 1 0 1 0 1 0 0 0 0 0 1 0 1
(2187) 1 0 1 0 1 0 0 0 0 0 1 1 0
(2188) 1 0 1 0 1 0 0 0 0 0 1 1 1
(2189) 1 0 1 0 1 0 0 0 0 1 0 0 0
(2190) 1 0 1 0 1 0 0 0 0 1 0 0 1
(2191) 1 0 1 0 1 0 0 0 0 1 0 1 0
(2192) 1 0 1 0 1 0 0 0 0 1 0 1 1
(2193) 1 0 1 0 1 0 0 0 0 1 1 0 0
(2194) 1 0 1 0 1 0 0 0 0 1 1 0 1
(2195) 1 0 1 0 1 0 0 0 0 1 1 1 0
(2196) 1 0 1 0 1 0 0 0 0 1 1 1 1
(2197) 1 0 1 0 1 0 0 0 1 0 0 0 0
(2198) 1 0 1 0 1 0 0 0 1 0 0 0 1
(2199) 1 0 1 0 1 0 0 0 1 0 0 1 0
(2200) 1 0 1 0 1 0 0 0 1 0 0 1 1
(2201) 1 0 1 0 1 0 0 0 1 0 1 0 0
(2202) 1 0 1 0 1 0 0 0 1 0 1 0 1
(2203) 1 0 1 0 1 0 0 0 1 0 1 1 0
(2204) 1 0 1 0 1 0 0 0 1 0 1 1 1
(2205) 1 0 1 0 1 0 0 0 1 1 0 0 0
(2206) 1 0 1 0 1 0 0 0 1 1 0 0 1
(2207) 1 0 1 0 1 0 0 0 1 1 0 1 0
(2208) 1 0 1 0 1 0 0 0 1 1 0 1 1
(2209) 1 0 1 0 1 0 0 0 1 1 1 0 0
(2210) 1 0 1 0 1 0 0 0 1 1 1 0 1
(2211) 1 0 1 0 1 0 0 0 1 1 1 1 0
(2212) 1 0 1 0 1 0 0 0 1 1 1 1 1
(2213) 1 0 1 0 1 0 0 1 0 0 0 0 0
(2214) 1 0 1 0 1 0 0 1 0 0 0 0 1
(2215) 1 0 1 0 1 0 0 1 0 0 0 1 0
(2216) 1 0 1 0 1 0 0 1 0 0 0 1 1
(2217) 1 0 1 0 1 0 0 1 0 1 0 0 0
(2218) 1 0 1 0 1 0 0 1 0 1 0 0 1
(2219) 1 0 1 0 1 0 0 1 0 1 0 1 0
(2220) 1 0 1 0 1 0 0 1 0 1 0 1 1
(2221) 1 0 1 0 1 0 0 1 1 0 0 0 0
(2222) 1 0 1 0 1 0 0 1 1 0 0 0 1
(2223) 1 0 1 0 1 0 0 1 1 0 0 1 0
(2224) 1 0 1 0 1 0 0 1 1 0 0 1 1
(2225) 1 0 1 0 1 0 1 0 0 0 0 0 0
(2226) 1 0 1 0 1 0 1 0 0 0 0 0 1
(2227) 1 0 1 0 1 0 1 0 0 0 0 1 0
(2228) 1 0 1 0 1 0 1 0 0 0 0 1 1
(2229) 1 0 1 0 1 0 1 0 0 0 1 0 0
(2230) 1 0 1 0 1 0 1 0 0 0 1 0 1
(2231) 1 0 1 0 1 0 1 0 0 0 1 1 0
(2232) 1 0 1 0 1 0 1 0 0 0 1 1 1
(2233) 1 0 1 0 1 0 1 0 0 1 0 0 0
(2234) 1 0 1 0 1 0 1 0 0 1 0 0 1
(2235) 1 0 1 0 1 0 1 0 0 1 0 1 0
(2236) 1 0 1 0 1 0 1 0 0 1 0 1 1
(2237) 1 0 1 0 1 0 1 0 0 1 1 0 0
(2238) 1 0 1 0 1 0 1 0 0 1 1 0 1
(2239) 1 0 1 0 1 0 1 0 0 1 1 1 0
(2240) 1 0 1 0 1 0 1 0 0 1 1 1 1
(2241) 1 0 1 0 1 0 1 0 1 0 0 0 0
(2242) 1 0 1 0 1 0 1 0 1 0 0 0 1
(2243) 1 0 1 0 1 0 1 0 1 0 0 1 0
(2244) 1 0 1 0 1 0 1 0 1 0 0 1 1
(2245) 1 0 1 0 1 0 1 0 1 0 1 0 0
(2246) 1 0 1 0 1 0 1 0 1 0 1 0 1
(2247) 1 0 1 0 1 0 1 0 1 0 1 1 0
(2248) 1 0 1 0 1 0 1 0 1 0 1 1 1
(2249) 1 0 1 0 1 0 1 1 0 0 0 0 0
(2250) 1 0 1 0 1 0 1 1 0 0 0 0 1
(2251) 1 0 1 0 1 0 1 1 0 0 0 1 0
(2252) 1 0 1 0 1 0 1 1 0 0 0 1 1
(2253) 1 0 1 0 1 0 1 1 1 1 0 0 0
(2254) 1 0 1 0 1 0 1 1 1 1 0 0 1
(2255) 1 0 1 0 1 0 1 1 1 1 0 1 0
(2256) 1 0 1 0 1 0 1 1 1 1 0 1 1
(2257) 1 0 1 0 1 1 0 0 0 0 0 0 0
(2258) 1 0 1 0 1 1 0 0 0 0 0 0 1
(2259) 1 0 1 0 1 1 0 0 0 1 0 0 0
(2260) 1 0 1 0 1 1 0 0 0 1 0 0 1
(2261) 1 0 1 0 1 1 0 0 1 0 0 0 0
(2262) 1 0 1 0 1 1 0 0 1 0 0 0 1
(2263) 1 0 1 0 1 1 0 0 1 1 0 0 0
(2264) 1 0 1 0 1 1 0 0 1 1 0 0 1
(2265) 1 0 1 0 1 1 0 1 0 0 1 0 0
(2266) 1 0 1 0 1 1 0 1 0 0 1 0 1
(2267) 1 0 1 0 1 1 0 1 0 1 1 0 0
(2268) 1 0 1 0 1 1 0 1 0 1 1 0 1
(2269) 1 0 1 0 1 1 0 1 1 0 1 0 0
(2270) 1 0 1 0 1 1 0 1 1 0 1 0 1
(2271) 1 0 1 0 1 1 1 0 0 0 0 0 0
(2272) 1 0 1 0 1 1 1 0 0 0 0 0 1
(2273) 1 0 1 0 1 1 1 0 0 1 0 0 0
(2274) 1 0 1 0 1 1 1 0 0 1 0 0 1
(2275) 1 0 1 0 1 1 1 0 1 0 0 0 0
(2276) 1 0 1 0 1 1 1 0 1 0 0 0 1
(2277) 1 0 1 0 1 1 1 1 0 0 1 0 0
(2278) 1 0 1 0 1 1 1 1 0 0 1 0 1
(2279) 1 0 1 0 1 1 1 1 1 1 1 0 0
(2280) 1 0 1 0 1 1 1 1 1 1 1 0 1
(2281) 1 0 1 1 0 0 0 0 0 0 0 0 0
(2282) 1 0 1 1 0 0 0 0 0 0 1 0 0
(2283) 1 0 1 1 0 0 0 0 0 1 0 0 0
(2284) 1 0 1 1 0 0 0 0 0 1 1 0 0
(2285) 1 0 1 1 0 0 0 0 1 0 0 0 0
(2286) 1 0 1 1 0 0 0 0 1 0 1 0 0
(2287) 1 0 1 1 0 0 0 0 1 1 0 0 0
(2288) 1 0 1 1 0 0 0 0 1 1 1 0 0
(2289) 1 0 1 1 0 0 0 1 0 0 0 0 0
(2290) 1 0 1 1 0 0 0 1 0 0 1 0 0
(2291) 1 0 1 1 0 0 0 1 0 1 0 0 0
(2292) 1 0 1 1 0 0 0 1 0 1 1 0 0
(2293) 1 0 1 1 0 0 0 1 1 0 0 0 0
(2294) 1 0 1 1 0 0 0 1 1 0 1 0 0
(2295) 1 0 1 1 0 0 1 0 0 0 0 0 0
(2296) 1 0 1 1 0 0 1 0 0 0 1 0 0
(2297) 1 0 1 1 0 0 1 0 0 1 0 0 0
(2298) 1 0 1 1 0 0 1 0 0 1 1 0 0
(2299) 1 0 1 1 0 0 1 0 1 0 0 0 0
(2300) 1 0 1 1 0 0 1 0 1 0 1 0 0
(2301) 1 0 1 1 0 0 1 1 0 0 0 0 0
(2302) 1 0 1 1 0 0 1 1 0 0 1 0 0
(2303) 1 0 1 1 0 0 1 1 1 1 0 0 0
(2304) 1 0 1 1 0 0 1 1 1 1 1 0 0
(2305) 1 0 1 1 0 1 0 0 0 0 0 1 0
(2306) 1 0 1 1 0 1 0 0 0 0 1 1 0
(2307) 1 0 1 1 0 1 0 0 0 1 0 1 0
(2308) 1 0 1 1 0 1 0 0 0 1 1 1 0
(2309) 1 0 1 1 0 1 0 0 1 0 0 1 0
(2310) 1 0 1 1 0 1 0 0 1 0 1 1 0
(2311) 1 0 1 1 0 1 0 0 1 1 0 1 0
(2312) 1 0 1 1 0 1 0 0 1 1 1 1 0
(2313) 1 0 1 1 0 1 0 1 0 0 0 1 0
(2314) 1 0 1 1 0 1 0 1 0 1 0 1 0
(2315) 1 0 1 1 0 1 0 1 1 0 0 1 0
(2316) 1 0 1 1 0 1 1 0 0 0 0 1 0
(2317) 1 0 1 1 0 1 1 0 0 0 1 1 0
(2318) 1 0 1 1 0 1 1 0 0 1 0 1 0
(2319) 1 0 1 1 0 1 1 0 0 1 1 1 0
(2320) 1 0 1 1 0 1 1 0 1 0 0 1 0
(2321) 1 0 1 1 0 1 1 0 1 0 1 1 0
(2322) 1 0 1 1 0 1 1 1 0 0 0 1 0
(2323) 1 0 1 1 0 1 1 1 1 1 0 1 0
(2324) 1 0 1 1 1 0 0 0 0 0 0 0 0
(2325) 1 0 1 1 1 0 0 0 0 0 1 0 0
(2326) 1 0 1 1 1 0 0 0 0 1 0 0 0
(2327) 1 0 1 1 1 0 0 0 0 1 1 0 0
(2328) 1 0 1 1 1 0 0 0 1 0 0 0 0
(2329) 1 0 1 1 1 0 0 0 1 0 1 0 0
(2330) 1 0 1 1 1 0 0 0 1 1 0 0 0
(2331) 1 0 1 1 1 0 0 0 1 1 1 0 0
(2332) 1 0 1 1 1 0 0 1 0 0 0 0 0
(2333) 1 0 1 1 1 0 0 1 0 1 0 0 0
(2334) 1 0 1 1 1 0 0 1 1 0 0 0 0
(2335) 1 0 1 1 1 0 1 0 0 0 0 0 0
(2336) 1 0 1 1 1 0 1 0 0 0 1 0 0
(2337) 1 0 1 1 1 0 1 0 0 1 0 0 0
(2338) 1 0 1 1 1 0 1 0 0 1 1 0 0
(2339) 1 0 1 1 1 0 1 0 1 0 0 0 0
(2340) 1 0 1 1 1 0 1 0 1 0 1 0 0
(2341) 1 0 1 1 1 0 1 1 0 0 0 0 0
(2342) 1 0 1 1 1 0 1 1 1 1 0 0 0
(2343) 1 0 1 1 1 1 0 0 0 0 0 1 0
(2344) 1 0 1 1 1 1 0 0 0 1 0 1 0
(2345) 1 0 1 1 1 1 0 0 1 0 0 1 0
(2346) 1 0 1 1 1 1 0 0 1 1 0 1 0
(2347) 1 0 1 1 1 1 0 1 0 0 1 1 0
(2348) 1 0 1 1 1 1 0 1 0 1 1 1 0
(2349) 1 0 1 1 1 1 0 1 1 0 1 1 0
(2350) 1 0 1 1 1 1 1 0 0 0 0 1 0
(2351) 1 0 1 1 1 1 1 0 0 1 0 1 0
(2352) 1 0 1 1 1 1 1 0 1 0 0 1 0
(2353) 1 0 1 1 1 1 1 1 0 0 1 1 0
(2354) 1 0 1 1 1 1 1 1 1 1 1 1 0
(2355) 1 1 0 0 0 0 0 0 0 0 0 0 0
(2356) 1 1 0 0 0 0 0 0 0 0 0 1 0
(2357) 1 1 0 0 0 0 0 0 0 0 1 0 0
(2358) 1 1 0 0 0 0 0 0 0 0 1 1 0
(2359) 1 1 0 0 0 0 0 0 0 1 0 0 0
(2360) 1 1 0 0 0 0 0 0 0 1 0 1 0
(2361) 1 1 0 0 0 0 0 0 0 1 1 0 0
(2362) 1 1 0 0 0 0 0 0 0 1 1 1 0
(2363) 1 1 0 0 0 0 0 0 1 0 0 0 0
(2364) 1 1 0 0 0 0 0 0 1 0 0 1 0
(2365) 1 1 0 0 0 0 0 0 1 0 1 0 0
(2366) 1 1 0 0 0 0 0 0 1 0 1 1 0
(2367) 1 1 0 0 0 0 0 0 1 1 0 0 0
(2368) 1 1 0 0 0 0 0 0 1 1 0 1 0
(2369) 1 1 0 0 0 0 0 0 1 1 1 0 0
(2370) 1 1 0 0 0 0 0 0 1 1 1 1 0
(2371) 1 1 0 0 0 0 0 1 0 0 0 0 0
(2372) 1 1 0 0 0 0 0 1 0 0 0 1 0
(2373) 1 1 0 0 0 0 0 1 0 0 1 0 0
(2374) 1 1 0 0 0 0 0 1 0 0 1 1 0
(2375) 1 1 0 0 0 0 0 1 0 1 0 0 0
(2376) 1 1 0 0 0 0 0 1 0 1 0 1 0
(2377) 1 1 0 0 0 0 0 1 0 1 1 0 0
(2378) 1 1 0 0 0 0 0 1 0 1 1 1 0
(2379) 1 1 0 0 0 0 0 1 1 0 0 0 0
(2380) 1 1 0 0 0 0 0 1 1 0 0 1 0
(2381) 1 1 0 0 0 0 0 1 1 0 1 0 0
(2382) 1 1 0 0 0 0 0 1 1 0 1 1 0
(2383) 1 1 0 0 0 0 1 0 0 0 0 0 0
(2384) 1 1 0 0 0 0 1 0 0 0 0 1 0
(2385) 1 1 0 0 0 0 1 0 0 0 1 0 0
(2386) 1 1 0 0 0 0 1 0 0 0 1 1 0
(2387) 1 1 0 0 0 0 1 0 0 1 0 0 0
(2388) 1 1 0 0 0 0 1 0 0 1 0 1 0
(2389) 1 1 0 0 0 0 1 0 0 1 1 0 0
(2390) 1 1 0 0 0 0 1 0 0 1 1 1 0
(2391) 1 1 0 0 0 0 1 0 1 0 0 0 0
(2392) 1 1 0 0 0 0 1 0 1 0 0 1 0
(2393) 1 1 0 0 0 0 1 0 1 0 1 0 0
(2394) 1 1 0 0 0 0 1 0 1 0 1 1 0
(2395) 1 1 0 0 0 0 1 1 0 0 0 0 0
(2396) 1 1 0 0 0 0 1 1 0 0 0 1 0
(2397) 1 1 0 0 0 0 1 1 0 0 1 0 0
(2398) 1 1 0 0 0 0 1 1 0 0 1 1 0
(2399) 1 1 0 0 0 0 1 1 1 1 0 0 0
(2400) 1 1 0 0 0 0 1 1 1 1 0 1 0
(2401) 1 1 0 0 0 0 1 1 1 1 1 0 0
(2402) 1 1 0 0 0 0 1 1 1 1 1 1 0
(2403) 1 1 0 0 0 1 0 0 0 0 0 0 0
(2404) 1 1 0 0 0 1 0 0 0 0 0 1 0
(2405) 1 1 0 0 0 1 0 0 0 0 1 0 0
(2406) 1 1 0 0 0 1 0 0 0 0 1 1 0
(2407) 1 1 0 0 0 1 0 0 0 1 0 0 0
(2408) 1 1 0 0 0 1 0 0 0 1 0 1 0
(2409) 1 1 0 0 0 1 0 0 0 1 1 0 0
(2410) 1 1 0 0 0 1 0 0 0 1 1 1 0
(2411) 1 1 0 0 0 1 0 0 1 0 0 0 0
(2412) 1 1 0 0 0 1 0 0 1 0 0 1 0
(2413) 1 1 0 0 0 1 0 0 1 0 1 0 0
(2414) 1 1 0 0 0 1 0 0 1 0 1 1 0
(2415) 1 1 0 0 0 1 0 0 1 1 0 0 0
(2416) 1 1 0 0 0 1 0 0 1 1 0 1 0
(2417) 1 1 0 0 0 1 0 0 1 1 1 0 0
(2418) 1 1 0 0 0 1 0 0 1 1 1 1 0
(2419) 1 1 0 0 0 1 0 1 0 0 0 0 0
(2420) 1 1 0 0 0 1 0 1 0 0 0 1 0
(2421) 1 1 0 0 0 1 0 1 0 1 0 0 0
(2422) 1 1 0 0 0 1 0 1 0 1 0 1 0
(2423) 1 1 0 0 0 1 0 1 1 0 0 0 0
(2424) 1 1 0 0 0 1 0 1 1 0 0 1 0
(2425) 1 1 0 0 0 1 1 0 0 0 0 0 0
(2426) 1 1 0 0 0 1 1 0 0 0 0 1 0
(2427) 1 1 0 0 0 1 1 0 0 0 1 0 0
(2428) 1 1 0 0 0 1 1 0 0 0 1 1 0
(2429) 1 1 0 0 0 1 1 0 0 1 0 0 0
(2430) 1 1 0 0 0 1 1 0 0 1 0 1 0
(2431) 1 1 0 0 0 1 1 0 0 1 1 0 0
(2432) 1 1 0 0 0 1 1 0 0 1 1 1 0
(2433) 1 1 0 0 0 1 1 0 1 0 0 0 0
(2434) 1 1 0 0 0 1 1 0 1 0 0 1 0
(2435) 1 1 0 0 0 1 1 0 1 0 1 0 0
(2436) 1 1 0 0 0 1 1 0 1 0 1 1 0
(2437) 1 1 0 0 0 1 1 1 0 0 0 0 0
(2438) 1 1 0 0 0 1 1 1 0 0 0 1 0
(2439) 1 1 0 0 0 1 1 1 1 1 0 0 0
(2440) 1 1 0 0 0 1 1 1 1 1 0 1 0
(2441) 1 1 0 0 1 0 0 0 0 0 0 0 0
(2442) 1 1 0 0 1 0 0 0 0 0 0 1 0
(2443) 1 1 0 0 1 0 0 0 0 0 1 0 0
(2444) 1 1 0 0 1 0 0 0 0 0 1 1 0
(2445) 1 1 0 0 1 0 0 0 0 1 0 0 0
(2446) 1 1 0 0 1 0 0 0 0 1 0 1 0
(2447) 1 1 0 0 1 0 0 0 0 1 1 0 0
(2448) 1 1 0 0 1 0 0 0 0 1 1 1 0
(2449) 1 1 0 0 1 0 0 0 1 0 0 0 0
(2450) 1 1 0 0 1 0 0 0 1 0 0 1 0
(2451) 1 1 0 0 1 0 0 0 1 0 1 0 0
(2452) 1 1 0 0 1 0 0 0 1 0 1 1 0
(2453) 1 1 0 0 1 0 0 0 1 1 0 0 0
(2454) 1 1 0 0 1 0 0 0 1 1 0 1 0
(2455) 1 1 0 0 1 0 0 0 1 1 1 0 0
(2456) 1 1 0 0 1 0 0 0 1 1 1 1 0
(2457) 1 1 0 0 1 0 0 1 0 0 0 0 0
(2458) 1 1 0 0 1 0 0 1 0 0 0 1 0
(2459) 1 1 0 0 1 0 0 1 0 1 0 0 0
(2460) 1 1 0 0 1 0 0 1 0 1 0 1 0
(2461) 1 1 0 0 1 0 0 1 1 0 0 0 0
(2462) 1 1 0 0 1 0 0 1 1 0 0 1 0
(2463) 1 1 0 0 1 0 1 0 0 0 0 0 0
(2464) 1 1 0 0 1 0 1 0 0 0 0 1 0
(2465) 1 1 0 0 1 0 1 0 0 0 1 0 0
(2466) 1 1 0 0 1 0 1 0 0 0 1 1 0
(2467) 1 1 0 0 1 0 1 0 0 1 0 0 0
(2468) 1 1 0 0 1 0 1 0 0 1 0 1 0
(2469) 1 1 0 0 1 0 1 0 0 1 1 0 0
(2470) 1 1 0 0 1 0 1 0 0 1 1 1 0
(2471) 1 1 0 0 1 0 1 0 1 0 0 0 0
(2472) 1 1 0 0 1 0 1 0 1 0 0 1 0
(2473) 1 1 0 0 1 0 1 0 1 0 1 0 0
(2474) 1 1 0 0 1 0 1 0 1 0 1 1 0
(2475) 1 1 0 0 1 0 1 1 0 0 0 0 0
(2476) 1 1 0 0 1 0 1 1 0 0 0 1 0
(2477) 1 1 0 0 1 0 1 1 1 1 0 0 0
(2478) 1 1 0 0 1 0 1 1 1 1 0 1 0
(2479) 1 1 0 0 1 1 0 0 0 0 0 0 0
(2480) 1 1 0 0 1 1 0 0 0 0 0 1 0
(2481) 1 1 0 0 1 1 0 0 0 1 0 0 0
(2482) 1 1 0 0 1 1 0 0 0 1 0 1 0
(2483) 1 1 0 0 1 1 0 0 1 0 0 0 0
(2484) 1 1 0 0 1 1 0 0 1 0 0 1 0
(2485) 1 1 0 0 1 1 0 0 1 1 0 0 0
(2486) 1 1 0 0 1 1 0 0 1 1 0 1 0
(2487) 1 1 0 0 1 1 0 1 0 0 1 0 0
(2488) 1 1 0 0 1 1 0 1 0 0 1 1 0
(2489) 1 1 0 0 1 1 0 1 0 1 1 0 0
(2490) 1 1 0 0 1 1 0 1 0 1 1 1 0
(2491) 1 1 0 0 1 1 0 1 1 0 1 0 0
(2492) 1 1 0 0 1 1 0 1 1 0 1 1 0
(2493) 1 1 0 0 1 1 1 0 0 0 0 0 0
(2494) 1 1 0 0 1 1 1 0 0 0 0 1 0
(2495) 1 1 0 0 1 1 1 0 0 1 0 0 0
(2496) 1 1 0 0 1 1 1 0 0 1 0 1 0
(2497) 1 1 0 0 1 1 1 0 1 0 0 0 0
(2498) 1 1 0 0 1 1 1 0 1 0 0 1 0
(2499) 1 1 0 0 1 1 1 1 0 0 1 0 0
(2500) 1 1 0 0 1 1 1 1 0 0 1 1 0
(2501) 1 1 0 0 1 1 1 1 1 1 1 0 0
(2502) 1 1 0 0 1 1 1 1 1 1 1 1 0
(2503) 1 1 0 1 0 0 0 0 0 0 0 0 1
(2504) 1 1 0 1 0 0 0 0 0 0 0 1 1
(2505) 1 1 0 1 0 0 0 0 0 0 1 0 1
(2506) 1 1 0 1 0 0 0 0 0 0 1 1 1
(2507) 1 1 0 1 0 0 0 0 0 1 0 0 1
(2508) 1 1 0 1 0 0 0 0 0 1 0 1 1
(2509) 1 1 0 1 0 0 0 0 0 1 1 0 1
(2510) 1 1 0 1 0 0 0 0 0 1 1 1 1
(2511) 1 1 0 1 0 0 0 0 1 0 0 0 1
(2512) 1 1 0 1 0 0 0 0 1 0 0 1 1
(2513) 1 1 0 1 0 0 0 0 1 0 1 0 1
(2514) 1 1 0 1 0 0 0 0 1 0 1 1 1
(2515) 1 1 0 1 0 0 0 0 1 1 0 0 1
(2516) 1 1 0 1 0 0 0 0 1 1 0 1 1
(2517) 1 1 0 1 0 0 0 0 1 1 1 0 1
(2518) 1 1 0 1 0 0 0 0 1 1 1 1 1
(2519) 1 1 0 1 0 0 0 1 0 0 0 0 1
(2520) 1 1 0 1 0 0 0 1 0 0 0 1 1
(2521) 1 1 0 1 0 0 0 1 0 0 1 0 1
(2522) 1 1 0 1 0 0 0 1 0 0 1 1 1
(2523) 1 1 0 1 0 0 0 1 0 1 0 0 1
(2524) 1 1 0 1 0 0 0 1 0 1 0 1 1
(2525) 1 1 0 1 0 0 0 1 0 1 1 0 1
(2526) 1 1 0 1 0 0 0 1 0 1 1 1 1
(2527) 1 1 0 1 0 0 0 1 1 0 0 0 1
(2528) 1 1 0 1 0 0 0 1 1 0 0 1 1
(2529) 1 1 0 1 0 0 0 1 1 0 1 0 1
(2530) 1 1 0 1 0 0 0 1 1 0 1 1 1
(2531) 1 1 0 1 0 0 1 0 0 0 0 0 1
(2532) 1 1 0 1 0 0 1 0 0 0 0 1 1
(2533) 1 1 0 1 0 0 1 0 0 0 1 0 1
(2534) 1 1 0 1 0 0 1 0 0 0 1 1 1
(2535) 1 1 0 1 0 0 1 0 0 1 0 0 1
(2536) 1 1 0 1 0 0 1 0 0 1 0 1 1
(2537) 1 1 0 1 0 0 1 0 0 1 1 0 1
(2538) 1 1 0 1 0 0 1 0 0 1 1 1 1
(2539) 1 1 0 1 0 0 1 0 1 0 0 0 1
(2540) 1 1 0 1 0 0 1 0 1 0 0 1 1
(2541) 1 1 0 1 0 0 1 0 1 0 1 0 1
(2542) 1 1 0 1 0 0 1 0 1 0 1 1 1
(2543) 1 1 0 1 0 0 1 1 0 0 0 0 1
(2544) 1 1 0 1 0 0 1 1 0 0 0 1 1
(2545) 1 1 0 1 0 0 1 1 0 0 1 0 1
(2546) 1 1 0 1 0 0 1 1 0 0 1 1 1
(2547) 1 1 0 1 0 0 1 1 1 1 0 0 1
(2548) 1 1 0 1 0 0 1 1 1 1 0 1 1
(2549) 1 1 0 1 0 0 1 1 1 1 1 0 1
(2550) 1 1 0 1 0 0 1 1 1 1 1 1 1
(2551) 1 1 0 1 0 1 0 0 0 0 0 0 1
(2552) 1 1 0 1 0 1 0 0 0 0 1 0 1
(2553) 1 1 0 1 0 1 0 0 0 1 0 0 1
(2554) 1 1 0 1 0 1 0 0 0 1 1 0 1
(2555) 1 1 0 1 0 1 0 0 1 0 0 0 1
(2556) 1 1 0 1 0 1 0 0 1 0 1 0 1
(2557) 1 1 0 1 0 1 0 0 1 1 0 0 1
(2558) 1 1 0 1 0 1 0 0 1 1 1 0 1
(2559) 1 1 0 1 0 1 0 1 0 0 0 0 1
(2560) 1 1 0 1 0 1 0 1 0 1 0 0 1
(2561) 1 1 0 1 0 1 0 1 1 0 0 0 1
(2562) 1 1 0 1 0 1 1 0 0 0 0 0 1
(2563) 1 1 0 1 0 1 1 0 0 0 1 0 1
(2564) 1 1 0 1 0 1 1 0 0 1 0 0 1
(2565) 1 1 0 1 0 1 1 0 0 1 1 0 1
(2566) 1 1 0 1 0 1 1 0 1 0 0 0 1
(2567) 1 1 0 1 0 1 1 0 1 0 1 0 1
(2568) 1 1 0 1 0 1 1 1 0 0 0 0 1
(2569) 1 1 0 1 0 1 1 1 1 1 0 0 1
(2570) 1 1 0 1 1 0 0 0 0 0 0 0 1
(2571) 1 1 0 1 1 0 0 0 0 0 0 1 1
(2572) 1 1 0 1 1 0 0 0 0 0 1 0 1
(2573) 1 1 0 1 1 0 0 0 0 0 1 1 1
(2574) 1 1 0 1 1 0 0 0 0 1 0 0 1
(2575) 1 1 0 1 1 0 0 0 0 1 0 1 1
(2576) 1 1 0 1 1 0 0 0 0 1 1 0 1
(2577) 1 1 0 1 1 0 0 0 0 1 1 1 1
(2578) 1 1 0 1 1 0 0 0 1 0 0 0 1
(2579) 1 1 0 1 1 0 0 0 1 0 0 1 1
(2580) 1 1 0 1 1 0 0 0 1 0 1 0 1
(2581) 1 1 0 1 1 0 0 0 1 0 1 1 1
(2582) 1 1 0 1 1 0 0 0 1 1 0 0 1
(2583) 1 1 0 1 1 0 0 0 1 1 0 1 1
(2584) 1 1 0 1 1 0 0 0 1 1 1 0 1
(2585) 1 1 0 1 1 0 0 0 1 1 1 1 1
(2586) 1 1 0 1 1 0 0 1 0 0 0 0 1
(2587) 1 1 0 1 1 0 0 1 0 0 0 1 1
(2588) 1 1 0 1 1 0 0 1 0 1 0 0 1
(2589) 1 1 0 1 1 0 0 1 0 1 0 1 1
(2590) 1 1 0 1 1 0 0 1 1 0 0 0 1
(2591) 1 1 0 1 1 0 0 1 1 0 0 1 1
(2592) 1 1 0 1 1 0 1 0 0 0 0 0 1
(2593) 1 1 0 1 1 0 1 0 0 0 0 1 1
(2594) 1 1 0 1 1 0 1 0 0 0 1 0 1
(2595) 1 1 0 1 1 0 1 0 0 0 1 1 1
(2596) 1 1 0 1 1 0 1 0 0 1 0 0 1
(2597) 1 1 0 1 1 0 1 0 0 1 0 1 1
(2598) 1 1 0 1 1 0 1 0 0 1 1 0 1
(2599) 1 1 0 1 1 0 1 0 0 1 1 1 1
(2600) 1 1 0 1 1 0 1 0 1 0 0 0 1
(2601) 1 1 0 1 1 0 1 0 1 0 0 1 1
(2602) 1 1 0 1 1 0 1 0 1 0 1 0 1
(2603) 1 1 0 1 1 0 1 0 1 0 1 1 1
(2604) 1 1 0 1 1 0 1 1 0 0 0 0 1
(2605) 1 1 0 1 1 0 1 1 0 0 0 1 1
(2606) 1 1 0 1 1 0 1 1 1 1 0 0 1
(2607) 1 1 0 1 1 0 1 1 1 1 0 1 1
(2608) 1 1 0 1 1 1 0 0 0 0 0 0 1
(2609) 1 1 0 1 1 1 0 0 0 1 0 0 1
(2610) 1 1 0 1 1 1 0 0 1 0 0 0 1
(2611) 1 1 0 1 1 1 0 0 1 1 0 0 1
(2612) 1 1 0 1 1 1 0 1 0 0 1 0 1
(2613) 1 1 0 1 1 1 0 1 0 1 1 0 1
(2614) 1 1 0 1 1 1 0 1 1 0 1 0 1
(2615) 1 1 0 1 1 1 1 0 0 0 0 0 1
(2616) 1 1 0 1 1 1 1 0 0 1 0 0 1
(2617) 1 1 0 1 1 1 1 0 1 0 0 0 1
(2618) 1 1 0 1 1 1 1 1 0 0 1 0 1
(2619) 1 1 0 1 1 1 1 1 1 1 1 0 1
(2620) 1 1 1 0 0 0 0 0 0 0 0 0 0
(2621) 1 1 1 0 0 0 0 0 0 0 0 1 0
(2622) 1 1 1 0 0 0 0 0 0 0 1 0 0
(2623) 1 1 1 0 0 0 0 0 0 0 1 1 0
(2624) 1 1 1 0 0 0 0 0 0 1 0 0 0
(2625) 1 1 1 0 0 0 0 0 0 1 0 1 0
(2626) 1 1 1 0 0 0 0 0 0 1 1 0 0
(2627) 1 1 1 0 0 0 0 0 0 1 1 1 0
(2628) 1 1 1 0 0 0 0 0 1 0 0 0 0
(2629) 1 1 1 0 0 0 0 0 1 0 0 1 0
(2630) 1 1 1 0 0 0 0 0 1 0 1 0 0
(2631) 1 1 1 0 0 0 0 0 1 0 1 1 0
(2632) 1 1 1 0 0 0 0 0 1 1 0 0 0
(2633) 1 1 1 0 0 0 0 0 1 1 0 1 0
(2634) 1 1 1 0 0 0 0 0 1 1 1 0 0
(2635) 1 1 1 0 0 0 0 0 1 1 1 1 0
(2636) 1 1 1 0 0 0 0 1 0 0 0 0 0
(2637) 1 1 1 0 0 0 0 1 0 0 0 1 0
(2638) 1 1 1 0 0 0 0 1 0 0 1 0 0
(2639) 1 1 1 0 0 0 0 1 0 0 1 1 0
(2640) 1 1 1 0 0 0 0 1 0 1 0 0 0
(2641) 1 1 1 0 0 0 0 1 0 1 0 1 0
(2642) 1 1 1 0 0 0 0 1 0 1 1 0 0
(2643) 1 1 1 0 0 0 0 1 0 1 1 1 0
(2644) 1 1 1 0 0 0 0 1 1 0 0 0 0
(2645) 1 1 1 0 0 0 0 1 1 0 0 1 0
(2646) 1 1 1 0 0 0 0 1 1 0 1 0 0
(2647) 1 1 1 0 0 0 0 1 1 0 1 1 0
(2648) 1 1 1 0 0 0 1 0 0 0 0 0 0
(2649) 1 1 1 0 0 0 1 0 0 0 0 1 0
(2650) 1 1 1 0 0 0 1 0 0 0 1 0 0
(2651) 1 1 1 0 0 0 1 0 0 0 1 1 0
(2652) 1 1 1 0 0 0 1 0 0 1 0 0 0
(2653) 1 1 1 0 0 0 1 0 0 1 0 1 0
(2654) 1 1 1 0 0 0 1 0 0 1 1 0 0
(2655) 1 1 1 0 0 0 1 0 0 1 1 1 0
(2656) 1 1 1 0 0 0 1 0 1 0 0 0 0
(2657) 1 1 1 0 0 0 1 0 1 0 0 1 0
(2658) 1 1 1 0 0 0 1 0 1 0 1 0 0
(2659) 1 1 1 0 0 0 1 0 1 0 1 1 0
(2660) 1 1 1 0 0 0 1 1 0 0 0 0 0
(2661) 1 1 1 0 0 0 1 1 0 0 0 1 0
(2662) 1 1 1 0 0 0 1 1 0 0 1 0 0
(2663) 1 1 1 0 0 0 1 1 0 0 1 1 0
(2664) 1 1 1 0 0 0 1 1 1 1 0 0 0
(2665) 1 1 1 0 0 0 1 1 1 1 0 1 0
(2666) 1 1 1 0 0 0 1 1 1 1 1 0 0
(2667) 1 1 1 0 0 0 1 1 1 1 1 1 0
(2668) 1 1 1 0 0 1 0 0 0 0 0 0 0
(2669) 1 1 1 0 0 1 0 0 0 0 1 0 0
(2670) 1 1 1 0 0 1 0 0 0 1 0 0 0
(2671) 1 1 1 0 0 1 0 0 0 1 1 0 0
(2672) 1 1 1 0 0 1 0 0 1 0 0 0 0
(2673) 1 1 1 0 0 1 0 0 1 0 1 0 0
(2674) 1 1 1 0 0 1 0 0 1 1 0 0 0
(2675) 1 1 1 0 0 1 0 0 1 1 1 0 0
(2676) 1 1 1 0 0 1 0 1 0 0 0 0 0
(2677) 1 1 1 0 0 1 0 1 0 1 0 0 0
(2678) 1 1 1 0 0 1 0 1 1 0 0 0 0
(2679) 1 1 1 0 0 1 1 0 0 0 0 0 0
(2680) 1 1 1 0 0 1 1 0 0 0 1 0 0
(2681) 1 1 1 0 0 1 1 0 0 1 0 0 0
(2682) 1 1 1 0 0 1 1 0 0 1 1 0 0
(2683) 1 1 1 0 0 1 1 0 1 0 0 0 0
(2684) 1 1 1 0 0 1 1 0 1 0 1 0 0
(2685) 1 1 1 0 0 1 1 1 0 0 0 0 0
(2686) 1 1 1 0 0 1 1 1 1 1 0 0 0
(2687) 1 1 1 0 1 0 0 0 0 0 0 0 0
(2688) 1 1 1 0 1 0 0 0 0 0 0 1 0
(2689) 1 1 1 0 1 0 0 0 0 0 1 0 0
(2690) 1 1 1 0 1 0 0 0 0 0 1 1 0
(2691) 1 1 1 0 1 0 0 0 0 1 0 0 0
(2692) 1 1 1 0 1 0 0 0 0 1 0 1 0
(2693) 1 1 1 0 1 0 0 0 0 1 1 0 0
(2694) 1 1 1 0 1 0 0 0 0 1 1 1 0
(2695) 1 1 1 0 1 0 0 0 1 0 0 0 0
(2696) 1 1 1 0 1 0 0 0 1 0 0 1 0
(2697) 1 1 1 0 1 0 0 0 1 0 1 0 0
(2698) 1 1 1 0 1 0 0 0 1 0 1 1 0
(2699) 1 1 1 0 1 0 0 0 1 1 0 0 0
(2700) 1 1 1 0 1 0 0 0 1 1 0 1 0
(2701) 1 1 1 0 1 0 0 0 1 1 1 0 0
(2702) 1 1 1 0 1 0 0 0 1 1 1 1 0
(2703) 1 1 1 0 1 0 0 1 0 0 0 0 0
(2704) 1 1 1 0 1 0 0 1 0 0 0 1 0
(2705) 1 1 1 0 1 0 0 1 0 1 0 0 0
(2706) 1 1 1 0 1 0 0 1 0 1 0 1 0
(2707) 1 1 1 0 1 0 0 1 1 0 0 0 0
(2708) 1 1 1 0 1 0 0 1 1 0 0 1 0
(2709) 1 1 1 0 1 0 1 0 0 0 0 0 0
(2710) 1 1 1 0 1 0 1 0 0 0 0 1 0
(2711) 1 1 1 0 1 0 1 0 0 0 1 0 0
(2712) 1 1 1 0 1 0 1 0 0 0 1 1 0
(2713) 1 1 1 0 1 0 1 0 0 1 0 0 0
(2714) 1 1 1 0 1 0 1 0 0 1 0 1 0
(2715) 1 1 1 0 1 0 1 0 0 1 1 0 0
(2716) 1 1 1 0 1 0 1 0 0 1 1 1 0
(2717) 1 1 1 0 1 0 1 0 1 0 0 0 0
(2718) 1 1 1 0 1 0 1 0 1 0 0 1 0
(2719) 1 1 1 0 1 0 1 0 1 0 1 0 0
(2720) 1 1 1 0 1 0 1 0 1 0 1 1 0
(2721) 1 1 1 0 1 0 1 1 0 0 0 0 0
(2722) 1 1 1 0 1 0 1 1 0 0 0 1 0
(2723) 1 1 1 0 1 0 1 1 1 1 0 0 0
(2724) 1 1 1 0 1 0 1 1 1 1 0 1 0
(2725) 1 1 1 0 1 1 0 0 0 0 0 0 0
(2726) 1 1 1 0 1 1 0 0 0 1 0 0 0
(2727) 1 1 1 0 1 1 0 0 1 0 0 0 0
(2728) 1 1 1 0 1 1 0 0 1 1 0 0 0
(2729) 1 1 1 0 1 1 0 1 0 0 1 0 0
(2730) 1 1 1 0 1 1 0 1 0 1 1 0 0
(2731) 1 1 1 0 1 1 0 1 1 0 1 0 0
(2732) 1 1 1 0 1 1 1 0 0 0 0 0 0
(2733) 1 1 1 0 1 1 1 0 0 1 0 0 0
(2734) 1 1 1 0 1 1 1 0 1 0 0 0 0
(2735) 1 1 1 0 1 1 1 1 0 0 1 0 0
(2736) 1 1 1 0 1 1 1 1 1 1 1 0 0
(2737) 1 1 1 1 0 0 0 0 0 0 0 0 1
(2738) 1 1 1 1 0 0 0 0 0 0 1 0 1
(2739) 1 1 1 1 0 0 0 0 0 1 0 0 1
(2740) 1 1 1 1 0 0 0 0 0 1 1 0 1
(2741) 1 1 1 1 0 0 0 0 1 0 0 0 1
(2742) 1 1 1 1 0 0 0 0 1 0 1 0 1
(2743) 1 1 1 1 0 0 0 0 1 1 0 0 1
(2744) 1 1 1 1 0 0 0 0 1 1 1 0 1
(2745) 1 1 1 1 0 0 0 1 0 0 0 0 1
(2746) 1 1 1 1 0 0 0 1 0 0 1 0 1
(2747) 1 1 1 1 0 0 0 1 0 1 0 0 1
(2748) 1 1 1 1 0 0 0 1 0 1 1 0 1
(2749) 1 1 1 1 0 0 0 1 1 0 0 0 1
(2750) 1 1 1 1 0 0 0 1 1 0 1 0 1
(2751) 1 1 1 1 0 0 1 0 0 0 0 0 1
(2752) 1 1 1 1 0 0 1 0 0 0 1 0 1
(2753) 1 1 1 1 0 0 1 0 0 1 0 0 1
(2754) 1 1 1 1 0 0 1 0 0 1 1 0 1
(2755) 1 1 1 1 0 0 1 0 1 0 0 0 1
(2756) 1 1 1 1 0 0 1 0 1 0 1 0 1
(2757) 1 1 1 1 0 0 1 1 0 0 0 0 1
(2758) 1 1 1 1 0 0 1 1 0 0 1 0 1
(2759) 1 1 1 1 0 0 1 1 1 1 0 0 1
(2760) 1 1 1 1 0 0 1 1 1 1 1 0 1
(2761) 1 1 1 1 0 1 0 0 0 0 0 1 1
(2762) 1 1 1 1 0 1 0 0 0 0 1 1 1
(2763) 1 1 1 1 0 1 0 0 0 1 0 1 1
(2764) 1 1 1 1 0 1 0 0 0 1 1 1 1
(2765) 1 1 1 1 0 1 0 0 1 0 0 1 1
(2766) 1 1 1 1 0 1 0 0 1 0 1 1 1
(2767) 1 1 1 1 0 1 0 0 1 1 0 1 1
(2768) 1 1 1 1 0 1 0 0 1 1 1 1 1
(2769) 1 1 1 1 0 1 0 1 0 0 0 1 1
(2770) 1 1 1 1 0 1 0 1 0 1 0 1 1
(2771) 1 1 1 1 0 1 0 1 1 0 0 1 1
(2772) 1 1 1 1 0 1 1 0 0 0 0 1 1
(2773) 1 1 1 1 0 1 1 0 0 0 1 1 1
(2774) 1 1 1 1 0 1 1 0 0 1 0 1 1
(2775) 1 1 1 1 0 1 1 0 0 1 1 1 1
(2776) 1 1 1 1 0 1 1 0 1 0 0 1 1
(2777) 1 1 1 1 0 1 1 0 1 0 1 1 1
(2778) 1 1 1 1 0 1 1 1 0 0 0 1 1
(2779) 1 1 1 1 0 1 1 1 1 1 0 1 1
(2780) 1 1 1 1 1 0 0 0 0 0 0 0 1
(2781) 1 1 1 1 1 0 0 0 0 0 1 0 1
(2782) 1 1 1 1 1 0 0 0 0 1 0 0 1
(2783) 1 1 1 1 1 0 0 0 0 1 1 0 1
(2784) 1 1 1 1 1 0 0 0 1 0 0 0 1
(2785) 1 1 1 1 1 0 0 0 1 0 1 0 1
(2786) 1 1 1 1 1 0 0 0 1 1 0 0 1
(2787) 1 1 1 1 1 0 0 0 1 1 1 0 1
(2788) 1 1 1 1 1 0 0 1 0 0 0 0 1
(2789) 1 1 1 1 1 0 0 1 0 1 0 0 1
(2790) 1 1 1 1 1 0 0 1 1 0 0 0 1
(2791) 1 1 1 1 1 0 1 0 0 0 0 0 1
(2792) 1 1 1 1 1 0 1 0 0 0 1 0 1
(2793) 1 1 1 1 1 0 1 0 0 1 0 0 1
(2794) 1 1 1 1 1 0 1 0 0 1 1 0 1
(2795) 1 1 1 1 1 0 1 0 1 0 0 0 1
(2796) 1 1 1 1 1 0 1 0 1 0 1 0 1
(2797) 1 1 1 1 1 0 1 1 0 0 0 0 1
(2798) 1 1 1 1 1 0 1 1 1 1 0 0 1
(2799) 1 1 1 1 1 1 0 0 0 0 0 1 1
(2800) 1 1 1 1 1 1 0 0 0 1 0 1 1
(2801) 1 1 1 1 1 1 0 0 1 0 0 1 1
(2802) 1 1 1 1 1 1 0 0 1 1 0 1 1
(2803) 1 1 1 1 1 1 0 1 0 0 1 1 1
(2804) 1 1 1 1 1 1 0 1 0 1 1 1 1
(2805) 1 1 1 1 1 1 0 1 1 0 1 1 1
(2806) 1 1 1 1 1 1 1 0 0 0 0 1 1
(2807) 1 1 1 1 1 1 1 0 0 1 0 1 1
(2808) 1 1 1 1 1 1 1 0 1 0 0 1 1
(2809) 1 1 1 1 1 1 1 1 0 0 1 1 1
(2810) 1 1 1 1 1 1 1 1 1 1 1 1 1
