Overlap label/order: [[1, 2], [1, 8], [2, 3], [2, 7], [3, 4], [3, 6], [4, 5], [5, 6], [6, 7], [7, 8]]
Cycles:  [[1, 8, 7, 6, 5, 4, 3, 2], [1, 8, 7, 6, 3, 2], [1, 8, 7, 2], [2, 7, 6, 5, 4, 3], [2, 7, 6, 3], [3, 6, 5, 4]]
Dimension:  10
(1) 0 0 0 0 0 0 0 0 0 0
(2) 0 0 0 0 0 0 0 0 0 1
(3) 0 0 0 0 0 0 0 0 1 0
(4) 0 0 0 0 0 0 0 0 1 1
(5) 0 0 0 0 0 0 0 1 0 0
(6) 0 0 0 0 0 0 0 1 0 1
(7) 0 0 0 0 0 0 0 1 1 0
(8) 0 0 0 0 0 0 0 1 1 1
(9) 0 0 0 0 0 0 1 0 0 0
(10) 0 0 0 0 0 0 1 0 0 1
(11) 0 0 0 0 0 0 1 0 1 0
(12) 0 0 0 0 0 0 1 0 1 1
(13) 0 0 0 0 0 0 1 1 0 0
(14) 0 0 0 0 0 0 1 1 0 1
(15) 0 0 0 0 0 0 1 1 1 0
(16) 0 0 0 0 0 0 1 1 1 1
(17) 0 0 0 0 0 1 0 0 0 0
(18) 0 0 0 0 0 1 0 0 0 1
(19) 0 0 0 0 0 1 0 0 1 0
(20) 0 0 0 0 0 1 0 0 1 1
(21) 0 0 0 0 0 1 0 1 0 0
(22) 0 0 0 0 0 1 0 1 0 1
(23) 0 0 0 0 0 1 0 1 1 0
(24) 0 0 0 0 0 1 0 1 1 1
(25) 0 0 0 0 0 1 1 0 0 0
(26) 0 0 0 0 0 1 1 0 0 1
(27) 0 0 0 0 0 1 1 0 1 0
(28) 0 0 0 0 0 1 1 0 1 1
(29) 0 0 0 0 1 0 0 0 0 0
(30) 0 0 0 0 1 0 0 0 0 1
(31) 0 0 0 0 1 0 0 0 1 0
(32) 0 0 0 0 1 0 0 0 1 1
(33) 0 0 0 0 1 0 0 1 0 0
(34) 0 0 0 0 1 0 0 1 0 1
(35) 0 0 0 0 1 0 0 1 1 0
(36) 0 0 0 0 1 0 0 1 1 1
(37) 0 0 0 0 1 0 1 0 0 0
(38) 0 0 0 0 1 0 1 0 0 1
(39) 0 0 0 0 1 0 1 0 1 0
(40) 0 0 0 0 1 0 1 0 1 1
(41) 0 0 0 0 1 1 0 0 0 0
(42) 0 0 0 0 1 1 0 0 0 1
(43) 0 0 0 0 1 1 0 0 1 0
(44) 0 0 0 0 1 1 0 0 1 1
(45) 0 0 0 0 1 1 1 1 0 0
(46) 0 0 0 0 1 1 1 1 0 1
(47) 0 0 0 0 1 1 1 1 1 0
(48) 0 0 0 0 1 1 1 1 1 1
(49) 0 0 0 1 0 0 0 0 0 0
(50) 0 0 0 1 0 0 0 0 0 1
(51) 0 0 0 1 0 0 0 0 1 0
(52) 0 0 0 1 0 0 0 0 1 1
(53) 0 0 0 1 0 0 0 1 0 0
(54) 0 0 0 1 0 0 0 1 0 1
(55) 0 0 0 1 0 0 0 1 1 0
(56) 0 0 0 1 0 0 0 1 1 1
(57) 0 0 0 1 0 0 1 0 0 0
(58) 0 0 0 1 0 0 1 0 0 1
(59) 0 0 0 1 0 0 1 0 1 0
(60) 0 0 0 1 0 0 1 0 1 1
(61) 0 0 0 1 0 0 1 1 0 0
(62) 0 0 0 1 0 0 1 1 0 1
(63) 0 0 0 1 0 0 1 1 1 0
(64) 0 0 0 1 0 0 1 1 1 1
(65) 0 0 0 1 0 1 0 0 0 0
(66) 0 0 0 1 0 1 0 0 0 1
(67) 0 0 0 1 0 1 0 1 0 0
(68) 0 0 0 1 0 1 0 1 0 1
(69) 0 0 0 1 0 1 1 0 0 0
(70) 0 0 0 1 0 1 1 0 0 1
(71) 0 0 0 1 1 0 0 0 0 0
(72) 0 0 0 1 1 0 0 0 0 1
(73) 0 0 0 1 1 0 0 0 1 0
(74) 0 0 0 1 1 0 0 0 1 1
(75) 0 0 0 1 1 0 0 1 0 0
(76) 0 0 0 1 1 0 0 1 0 1
(77) 0 0 0 1 1 0 0 1 1 0
(78) 0 0 0 1 1 0 0 1 1 1
(79) 0 0 0 1 1 0 1 0 0 0
(80) 0 0 0 1 1 0 1 0 0 1
(81) 0 0 0 1 1 0 1 0 1 0
(82) 0 0 0 1 1 0 1 0 1 1
(83) 0 0 0 1 1 1 0 0 0 0
(84) 0 0 0 1 1 1 0 0 0 1
(85) 0 0 0 1 1 1 1 1 0 0
(86) 0 0 0 1 1 1 1 1 0 1
(87) 0 0 1 0 0 0 0 0 0 0
(88) 0 0 1 0 0 0 0 0 0 1
(89) 0 0 1 0 0 0 0 0 1 0
(90) 0 0 1 0 0 0 0 0 1 1
(91) 0 0 1 0 0 0 0 1 0 0
(92) 0 0 1 0 0 0 0 1 0 1
(93) 0 0 1 0 0 0 0 1 1 0
(94) 0 0 1 0 0 0 0 1 1 1
(95) 0 0 1 0 0 0 1 0 0 0
(96) 0 0 1 0 0 0 1 0 0 1
(97) 0 0 1 0 0 0 1 0 1 0
(98) 0 0 1 0 0 0 1 0 1 1
(99) 0 0 1 0 0 0 1 1 0 0
(100) 0 0 1 0 0 0 1 1 0 1
(101) 0 0 1 0 0 0 1 1 1 0
(102) 0 0 1 0 0 0 1 1 1 1
(103) 0 0 1 0 0 1 0 0 0 0
(104) 0 0 1 0 0 1 0 0 0 1
(105) 0 0 1 0 0 1 0 1 0 0
(106) 0 0 1 0 0 1 0 1 0 1
(107) 0 0 1 0 0 1 1 0 0 0
(108) 0 0 1 0 0 1 1 0 0 1
(109) 0 0 1 0 1 0 0 0 0 0
(110) 0 0 1 0 1 0 0 0 0 1
(111) 0 0 1 0 1 0 0 0 1 0
(112) 0 0 1 0 1 0 0 0 1 1
(113) 0 0 1 0 1 0 0 1 0 0
(114) 0 0 1 0 1 0 0 1 0 1
(115) 0 0 1 0 1 0 0 1 1 0
(116) 0 0 1 0 1 0 0 1 1 1
(117) 0 0 1 0 1 0 1 0 0 0
(118) 0 0 1 0 1 0 1 0 0 1
(119) 0 0 1 0 1 0 1 0 1 0
(120) 0 0 1 0 1 0 1 0 1 1
(121) 0 0 1 0 1 1 0 0 0 0
(122) 0 0 1 0 1 1 0 0 0 1
(123) 0 0 1 0 1 1 1 1 0 0
(124) 0 0 1 0 1 1 1 1 0 1
(125) 0 0 1 1 0 0 0 0 0 0
(126) 0 0 1 1 0 0 0 0 0 1
(127) 0 0 1 1 0 0 0 1 0 0
(128) 0 0 1 1 0 0 0 1 0 1
(129) 0 0 1 1 0 0 1 0 0 0
(130) 0 0 1 1 0 0 1 0 0 1
(131) 0 0 1 1 0 0 1 1 0 0
(132) 0 0 1 1 0 0 1 1 0 1
(133) 0 0 1 1 0 1 0 0 1 0
(134) 0 0 1 1 0 1 0 0 1 1
(135) 0 0 1 1 0 1 0 1 1 0
(136) 0 0 1 1 0 1 0 1 1 1
(137) 0 0 1 1 0 1 1 0 1 0
(138) 0 0 1 1 0 1 1 0 1 1
(139) 0 0 1 1 1 0 0 0 0 0
(140) 0 0 1 1 1 0 0 0 0 1
(141) 0 0 1 1 1 0 0 1 0 0
(142) 0 0 1 1 1 0 0 1 0 1
(143) 0 0 1 1 1 0 1 0 0 0
(144) 0 0 1 1 1 0 1 0 0 1
(145) 0 0 1 1 1 1 0 0 1 0
(146) 0 0 1 1 1 1 0 0 1 1
(147) 0 0 1 1 1 1 1 1 1 0
(148) 0 0 1 1 1 1 1 1 1 1
(149) 0 1 0 0 0 0 0 0 0 0
(150) 0 1 0 0 0 0 0 0 0 1
(151) 0 1 0 0 0 0 0 0 1 0
(152) 0 1 0 0 0 0 0 0 1 1
(153) 0 1 0 0 0 0 0 1 0 0
(154) 0 1 0 0 0 0 0 1 0 1
(155) 0 1 0 0 0 0 0 1 1 0
(156) 0 1 0 0 0 0 0 1 1 1
(157) 0 1 0 0 0 0 1 0 0 0
(158) 0 1 0 0 0 0 1 0 0 1
(159) 0 1 0 0 0 0 1 0 1 0
(160) 0 1 0 0 0 0 1 0 1 1
(161) 0 1 0 0 0 0 1 1 0 0
(162) 0 1 0 0 0 0 1 1 0 1
(163) 0 1 0 0 0 0 1 1 1 0
(164) 0 1 0 0 0 0 1 1 1 1
(165) 0 1 0 0 0 1 0 0 0 0
(166) 0 1 0 0 0 1 0 0 0 1
(167) 0 1 0 0 0 1 0 0 1 0
(168) 0 1 0 0 0 1 0 0 1 1
(169) 0 1 0 0 0 1 0 1 0 0
(170) 0 1 0 0 0 1 0 1 0 1
(171) 0 1 0 0 0 1 0 1 1 0
(172) 0 1 0 0 0 1 0 1 1 1
(173) 0 1 0 0 0 1 1 0 0 0
(174) 0 1 0 0 0 1 1 0 0 1
(175) 0 1 0 0 0 1 1 0 1 0
(176) 0 1 0 0 0 1 1 0 1 1
(177) 0 1 0 0 1 0 0 0 0 0
(178) 0 1 0 0 1 0 0 0 0 1
(179) 0 1 0 0 1 0 0 0 1 0
(180) 0 1 0 0 1 0 0 0 1 1
(181) 0 1 0 0 1 0 0 1 0 0
(182) 0 1 0 0 1 0 0 1 0 1
(183) 0 1 0 0 1 0 0 1 1 0
(184) 0 1 0 0 1 0 0 1 1 1
(185) 0 1 0 0 1 0 1 0 0 0
(186) 0 1 0 0 1 0 1 0 0 1
(187) 0 1 0 0 1 0 1 0 1 0
(188) 0 1 0 0 1 0 1 0 1 1
(189) 0 1 0 0 1 1 0 0 0 0
(190) 0 1 0 0 1 1 0 0 0 1
(191) 0 1 0 0 1 1 0 0 1 0
(192) 0 1 0 0 1 1 0 0 1 1
(193) 0 1 0 0 1 1 1 1 0 0
(194) 0 1 0 0 1 1 1 1 0 1
(195) 0 1 0 0 1 1 1 1 1 0
(196) 0 1 0 0 1 1 1 1 1 1
(197) 0 1 0 1 0 0 0 0 0 0
(198) 0 1 0 1 0 0 0 0 1 0
(199) 0 1 0 1 0 0 0 1 0 0
(200) 0 1 0 1 0 0 0 1 1 0
(201) 0 1 0 1 0 0 1 0 0 0
(202) 0 1 0 1 0 0 1 0 1 0
(203) 0 1 0 1 0 0 1 1 0 0
(204) 0 1 0 1 0 0 1 1 1 0
(205) 0 1 0 1 0 1 0 0 0 0
(206) 0 1 0 1 0 1 0 1 0 0
(207) 0 1 0 1 0 1 1 0 0 0
(208) 0 1 0 1 1 0 0 0 0 0
(209) 0 1 0 1 1 0 0 0 1 0
(210) 0 1 0 1 1 0 0 1 0 0
(211) 0 1 0 1 1 0 0 1 1 0
(212) 0 1 0 1 1 0 1 0 0 0
(213) 0 1 0 1 1 0 1 0 1 0
(214) 0 1 0 1 1 1 0 0 0 0
(215) 0 1 0 1 1 1 1 1 0 0
(216) 0 1 1 0 0 0 0 0 0 0
(217) 0 1 1 0 0 0 0 0 0 1
(218) 0 1 1 0 0 0 0 0 1 0
(219) 0 1 1 0 0 0 0 0 1 1
(220) 0 1 1 0 0 0 0 1 0 0
(221) 0 1 1 0 0 0 0 1 0 1
(222) 0 1 1 0 0 0 0 1 1 0
(223) 0 1 1 0 0 0 0 1 1 1
(224) 0 1 1 0 0 0 1 0 0 0
(225) 0 1 1 0 0 0 1 0 0 1
(226) 0 1 1 0 0 0 1 0 1 0
(227) 0 1 1 0 0 0 1 0 1 1
(228) 0 1 1 0 0 0 1 1 0 0
(229) 0 1 1 0 0 0 1 1 0 1
(230) 0 1 1 0 0 0 1 1 1 0
(231) 0 1 1 0 0 0 1 1 1 1
(232) 0 1 1 0 0 1 0 0 0 0
(233) 0 1 1 0 0 1 0 0 0 1
(234) 0 1 1 0 0 1 0 1 0 0
(235) 0 1 1 0 0 1 0 1 0 1
(236) 0 1 1 0 0 1 1 0 0 0
(237) 0 1 1 0 0 1 1 0 0 1
(238) 0 1 1 0 1 0 0 0 0 0
(239) 0 1 1 0 1 0 0 0 0 1
(240) 0 1 1 0 1 0 0 0 1 0
(241) 0 1 1 0 1 0 0 0 1 1
(242) 0 1 1 0 1 0 0 1 0 0
(243) 0 1 1 0 1 0 0 1 0 1
(244) 0 1 1 0 1 0 0 1 1 0
(245) 0 1 1 0 1 0 0 1 1 1
(246) 0 1 1 0 1 0 1 0 0 0
(247) 0 1 1 0 1 0 1 0 0 1
(248) 0 1 1 0 1 0 1 0 1 0
(249) 0 1 1 0 1 0 1 0 1 1
(250) 0 1 1 0 1 1 0 0 0 0
(251) 0 1 1 0 1 1 0 0 0 1
(252) 0 1 1 0 1 1 1 1 0 0
(253) 0 1 1 0 1 1 1 1 0 1
(254) 0 1 1 1 0 0 0 0 0 0
(255) 0 1 1 1 0 0 0 1 0 0
(256) 0 1 1 1 0 0 1 0 0 0
(257) 0 1 1 1 0 0 1 1 0 0
(258) 0 1 1 1 0 1 0 0 1 0
(259) 0 1 1 1 0 1 0 1 1 0
(260) 0 1 1 1 0 1 1 0 1 0
(261) 0 1 1 1 1 0 0 0 0 0
(262) 0 1 1 1 1 0 0 1 0 0
(263) 0 1 1 1 1 0 1 0 0 0
(264) 0 1 1 1 1 1 0 0 1 0
(265) 0 1 1 1 1 1 1 1 1 0
(266) 1 0 0 0 0 0 0 0 0 0
(267) 1 0 0 0 0 0 0 0 0 1
(268) 1 0 0 0 0 0 0 0 1 0
(269) 1 0 0 0 0 0 0 0 1 1
(270) 1 0 0 0 0 0 0 1 0 0
(271) 1 0 0 0 0 0 0 1 0 1
(272) 1 0 0 0 0 0 0 1 1 0
(273) 1 0 0 0 0 0 0 1 1 1
(274) 1 0 0 0 0 0 1 0 0 0
(275) 1 0 0 0 0 0 1 0 0 1
(276) 1 0 0 0 0 0 1 0 1 0
(277) 1 0 0 0 0 0 1 0 1 1
(278) 1 0 0 0 0 0 1 1 0 0
(279) 1 0 0 0 0 0 1 1 0 1
(280) 1 0 0 0 0 0 1 1 1 0
(281) 1 0 0 0 0 0 1 1 1 1
(282) 1 0 0 0 0 1 0 0 0 0
(283) 1 0 0 0 0 1 0 0 0 1
(284) 1 0 0 0 0 1 0 0 1 0
(285) 1 0 0 0 0 1 0 0 1 1
(286) 1 0 0 0 0 1 0 1 0 0
(287) 1 0 0 0 0 1 0 1 0 1
(288) 1 0 0 0 0 1 0 1 1 0
(289) 1 0 0 0 0 1 0 1 1 1
(290) 1 0 0 0 0 1 1 0 0 0
(291) 1 0 0 0 0 1 1 0 0 1
(292) 1 0 0 0 0 1 1 0 1 0
(293) 1 0 0 0 0 1 1 0 1 1
(294) 1 0 0 0 1 0 0 0 0 0
(295) 1 0 0 0 1 0 0 0 0 1
(296) 1 0 0 0 1 0 0 0 1 0
(297) 1 0 0 0 1 0 0 0 1 1
(298) 1 0 0 0 1 0 0 1 0 0
(299) 1 0 0 0 1 0 0 1 0 1
(300) 1 0 0 0 1 0 0 1 1 0
(301) 1 0 0 0 1 0 0 1 1 1
(302) 1 0 0 0 1 0 1 0 0 0
(303) 1 0 0 0 1 0 1 0 0 1
(304) 1 0 0 0 1 0 1 0 1 0
(305) 1 0 0 0 1 0 1 0 1 1
(306) 1 0 0 0 1 1 0 0 0 0
(307) 1 0 0 0 1 1 0 0 0 1
(308) 1 0 0 0 1 1 0 0 1 0
(309) 1 0 0 0 1 1 0 0 1 1
(310) 1 0 0 0 1 1 1 1 0 0
(311) 1 0 0 0 1 1 1 1 0 1
(312) 1 0 0 0 1 1 1 1 1 0
(313) 1 0 0 0 1 1 1 1 1 1
(314) 1 0 0 1 0 0 0 0 0 0
(315) 1 0 0 1 0 0 0 0 1 0
(316) 1 0 0 1 0 0 0 1 0 0
(317) 1 0 0 1 0 0 0 1 1 0
(318) 1 0 0 1 0 0 1 0 0 0
(319) 1 0 0 1 0 0 1 0 1 0
(320) 1 0 0 1 0 0 1 1 0 0
(321) 1 0 0 1 0 0 1 1 1 0
(322) 1 0 0 1 0 1 0 0 0 0
(323) 1 0 0 1 0 1 0 1 0 0
(324) 1 0 0 1 0 1 1 0 0 0
(325) 1 0 0 1 1 0 0 0 0 0
(326) 1 0 0 1 1 0 0 0 1 0
(327) 1 0 0 1 1 0 0 1 0 0
(328) 1 0 0 1 1 0 0 1 1 0
(329) 1 0 0 1 1 0 1 0 0 0
(330) 1 0 0 1 1 0 1 0 1 0
(331) 1 0 0 1 1 1 0 0 0 0
(332) 1 0 0 1 1 1 1 1 0 0
(333) 1 0 1 0 0 0 0 0 0 0
(334) 1 0 1 0 0 0 0 0 0 1
(335) 1 0 1 0 0 0 0 0 1 0
(336) 1 0 1 0 0 0 0 0 1 1
(337) 1 0 1 0 0 0 0 1 0 0
(338) 1 0 1 0 0 0 0 1 0 1
(339) 1 0 1 0 0 0 0 1 1 0
(340) 1 0 1 0 0 0 0 1 1 1
(341) 1 0 1 0 0 0 1 0 0 0
(342) 1 0 1 0 0 0 1 0 0 1
(343) 1 0 1 0 0 0 1 0 1 0
(344) 1 0 1 0 0 0 1 0 1 1
(345) 1 0 1 0 0 0 1 1 0 0
(346) 1 0 1 0 0 0 1 1 0 1
(347) 1 0 1 0 0 0 1 1 1 0
(348) 1 0 1 0 0 0 1 1 1 1
(349) 1 0 1 0 0 1 0 0 0 0
(350) 1 0 1 0 0 1 0 0 0 1
(351) 1 0 1 0 0 1 0 1 0 0
(352) 1 0 1 0 0 1 0 1 0 1
(353) 1 0 1 0 0 1 1 0 0 0
(354) 1 0 1 0 0 1 1 0 0 1
(355) 1 0 1 0 1 0 0 0 0 0
(356) 1 0 1 0 1 0 0 0 0 1
(357) 1 0 1 0 1 0 0 0 1 0
(358) 1 0 1 0 1 0 0 0 1 1
(359) 1 0 1 0 1 0 0 1 0 0
(360) 1 0 1 0 1 0 0 1 0 1
(361) 1 0 1 0 1 0 0 1 1 0
(362) 1 0 1 0 1 0 0 1 1 1
(363) 1 0 1 0 1 0 1 0 0 0
(364) 1 0 1 0 1 0 1 0 0 1
(365) 1 0 1 0 1 0 1 0 1 0
(366) 1 0 1 0 1 0 1 0 1 1
(367) 1 0 1 0 1 1 0 0 0 0
(368) 1 0 1 0 1 1 0 0 0 1
(369) 1 0 1 0 1 1 1 1 0 0
(370) 1 0 1 0 1 1 1 1 0 1
(371) 1 0 1 1 0 0 0 0 0 0
(372) 1 0 1 1 0 0 0 1 0 0
(373) 1 0 1 1 0 0 1 0 0 0
(374) 1 0 1 1 0 0 1 1 0 0
(375) 1 0 1 1 0 1 0 0 1 0
(376) 1 0 1 1 0 1 0 1 1 0
(377) 1 0 1 1 0 1 1 0 1 0
(378) 1 0 1 1 1 0 0 0 0 0
(379) 1 0 1 1 1 0 0 1 0 0
(380) 1 0 1 1 1 0 1 0 0 0
(381) 1 0 1 1 1 1 0 0 1 0
(382) 1 0 1 1 1 1 1 1 1 0
(383) 1 1 0 0 0 0 0 0 0 0
(384) 1 1 0 0 0 0 0 0 1 0
(385) 1 1 0 0 0 0 0 1 0 0
(386) 1 1 0 0 0 0 0 1 1 0
(387) 1 1 0 0 0 0 1 0 0 0
(388) 1 1 0 0 0 0 1 0 1 0
(389) 1 1 0 0 0 0 1 1 0 0
(390) 1 1 0 0 0 0 1 1 1 0
(391) 1 1 0 0 0 1 0 0 0 0
(392) 1 1 0 0 0 1 0 0 1 0
(393) 1 1 0 0 0 1 0 1 0 0
(394) 1 1 0 0 0 1 0 1 1 0
(395) 1 1 0 0 0 1 1 0 0 0
(396) 1 1 0 0 0 1 1 0 1 0
(397) 1 1 0 0 1 0 0 0 0 0
(398) 1 1 0 0 1 0 0 0 1 0
(399) 1 1 0 0 1 0 0 1 0 0
(400) 1 1 0 0 1 0 0 1 1 0
(401) 1 1 0 0 1 0 1 0 0 0
(402) 1 1 0 0 1 0 1 0 1 0
(403) 1 1 0 0 1 1 0 0 0 0
(404) 1 1 0 0 1 1 0 0 1 0
(405) 1 1 0 0 1 1 1 1 0 0
(406) 1 1 0 0 1 1 1 1 1 0
(407) 1 1 0 1 0 0 0 0 0 1
(408) 1 1 0 1 0 0 0 0 1 1
(409) 1 1 0 1 0 0 0 1 0 1
(410) 1 1 0 1 0 0 0 1 1 1
(411) 1 1 0 1 0 0 1 0 0 1
(412) 1 1 0 1 0 0 1 0 1 1
(413) 1 1 0 1 0 0 1 1 0 1
(414) 1 1 0 1 0 0 1 1 1 1
(415) 1 1 0 1 0 1 0 0 0 1
(416) 1 1 0 1 0 1 0 1 0 1
(417) 1 1 0 1 0 1 1 0 0 1
(418) 1 1 0 1 1 0 0 0 0 1
(419) 1 1 0 1 1 0 0 0 1 1
(420) 1 1 0 1 1 0 0 1 0 1
(421) 1 1 0 1 1 0 0 1 1 1
(422) 1 1 0 1 1 0 1 0 0 1
(423) 1 1 0 1 1 0 1 0 1 1
(424) 1 1 0 1 1 1 0 0 0 1
(425) 1 1 0 1 1 1 1 1 0 1
(426) 1 1 1 0 0 0 0 0 0 0
(427) 1 1 1 0 0 0 0 0 1 0
(428) 1 1 1 0 0 0 0 1 0 0
(429) 1 1 1 0 0 0 0 1 1 0
(430) 1 1 1 0 0 0 1 0 0 0
(431) 1 1 1 0 0 0 1 0 1 0
(432) 1 1 1 0 0 0 1 1 0 0
(433) 1 1 1 0 0 0 1 1 1 0
(434) 1 1 1 0 0 1 0 0 0 0
(435) 1 1 1 0 0 1 0 1 0 0
(436) 1 1 1 0 0 1 1 0 0 0
(437) 1 1 1 0 1 0 0 0 0 0
(438) 1 1 1 0 1 0 0 0 1 0
(439) 1 1 1 0 1 0 0 1 0 0
(440) 1 1 1 0 1 0 0 1 1 0
(441) 1 1 1 0 1 0 1 0 0 0
(442) 1 1 1 0 1 0 1 0 1 0
(443) 1 1 1 0 1 1 0 0 0 0
(444) 1 1 1 0 1 1 1 1 0 0
(445) 1 1 1 1 0 0 0 0 0 1
(446) 1 1 1 1 0 0 0 1 0 1
(447) 1 1 1 1 0 0 1 0 0 1
(448) 1 1 1 1 0 0 1 1 0 1
(449) 1 1 1 1 0 1 0 0 1 1
(450) 1 1 1 1 0 1 0 1 1 1
(451) 1 1 1 1 0 1 1 0 1 1
(452) 1 1 1 1 1 0 0 0 0 1
(453) 1 1 1 1 1 0 0 1 0 1
(454) 1 1 1 1 1 0 1 0 0 1
(455) 1 1 1 1 1 1 0 0 1 1
(456) 1 1 1 1 1 1 1 1 1 1
