Overlap label/order: [[1, 3], [1, 4], [1, 5], [1, 6], [1, 7], [1, 8], [2, 3], [2, 4], [2, 5], [2, 6], [2, 7], [2, 8]]
Cycles:  [[1, 4, 2, 3], [1, 5, 2, 3], [1, 6, 2, 3], [1, 7, 2, 3], [1, 8, 2, 3], [1, 5, 2, 4], [1, 6, 2, 4], [1, 7, 2, 4], [1, 8, 2, 4], [1, 6, 2, 5], [1, 7, 2, 5], [1, 8, 2, 5], [1, 7, 2, 6], [1, 8, 2, 6], [1, 8, 2, 7]]
Dimension:  12
(1) 0 0 0 0 0 0 0 0 0 0 0 0
(2) 0 0 0 0 0 0 0 0 0 0 0 1
(3) 0 0 0 0 0 0 0 0 0 0 1 0
(4) 0 0 0 0 0 0 0 0 0 0 1 1
(5) 0 0 0 0 0 0 0 0 0 1 0 0
(6) 0 0 0 0 0 0 0 0 0 1 0 1
(7) 0 0 0 0 0 0 0 0 0 1 1 0
(8) 0 0 0 0 0 0 0 0 0 1 1 1
(9) 0 0 0 0 0 0 0 0 1 0 0 0
(10) 0 0 0 0 0 0 0 0 1 0 0 1
(11) 0 0 0 0 0 0 0 0 1 0 1 0
(12) 0 0 0 0 0 0 0 0 1 0 1 1
(13) 0 0 0 0 0 0 0 0 1 1 0 0
(14) 0 0 0 0 0 0 0 0 1 1 0 1
(15) 0 0 0 0 0 0 0 0 1 1 1 0
(16) 0 0 0 0 0 0 0 0 1 1 1 1
(17) 0 0 0 0 0 0 0 1 0 0 0 0
(18) 0 0 0 0 0 0 0 1 0 0 0 1
(19) 0 0 0 0 0 0 0 1 0 0 1 0
(20) 0 0 0 0 0 0 0 1 0 0 1 1
(21) 0 0 0 0 0 0 0 1 0 1 0 0
(22) 0 0 0 0 0 0 0 1 0 1 0 1
(23) 0 0 0 0 0 0 0 1 0 1 1 0
(24) 0 0 0 0 0 0 0 1 0 1 1 1
(25) 0 0 0 0 0 0 0 1 1 0 0 0
(26) 0 0 0 0 0 0 0 1 1 0 0 1
(27) 0 0 0 0 0 0 0 1 1 0 1 0
(28) 0 0 0 0 0 0 0 1 1 0 1 1
(29) 0 0 0 0 0 0 0 1 1 1 0 0
(30) 0 0 0 0 0 0 0 1 1 1 0 1
(31) 0 0 0 0 0 0 0 1 1 1 1 0
(32) 0 0 0 0 0 0 0 1 1 1 1 1
(33) 0 0 0 0 0 0 1 0 0 0 0 0
(34) 0 0 0 0 0 0 1 0 0 0 0 1
(35) 0 0 0 0 0 0 1 0 0 0 1 0
(36) 0 0 0 0 0 0 1 0 0 0 1 1
(37) 0 0 0 0 0 0 1 0 0 1 0 0
(38) 0 0 0 0 0 0 1 0 0 1 0 1
(39) 0 0 0 0 0 0 1 0 0 1 1 0
(40) 0 0 0 0 0 0 1 0 0 1 1 1
(41) 0 0 0 0 0 0 1 0 1 0 0 0
(42) 0 0 0 0 0 0 1 0 1 0 0 1
(43) 0 0 0 0 0 0 1 0 1 0 1 0
(44) 0 0 0 0 0 0 1 0 1 0 1 1
(45) 0 0 0 0 0 0 1 0 1 1 0 0
(46) 0 0 0 0 0 0 1 0 1 1 0 1
(47) 0 0 0 0 0 0 1 0 1 1 1 0
(48) 0 0 0 0 0 0 1 0 1 1 1 1
(49) 0 0 0 0 0 0 1 1 0 0 0 0
(50) 0 0 0 0 0 0 1 1 0 0 0 1
(51) 0 0 0 0 0 0 1 1 0 0 1 0
(52) 0 0 0 0 0 0 1 1 0 0 1 1
(53) 0 0 0 0 0 0 1 1 0 1 0 0
(54) 0 0 0 0 0 0 1 1 0 1 0 1
(55) 0 0 0 0 0 0 1 1 0 1 1 0
(56) 0 0 0 0 0 0 1 1 0 1 1 1
(57) 0 0 0 0 0 0 1 1 1 0 0 0
(58) 0 0 0 0 0 0 1 1 1 0 0 1
(59) 0 0 0 0 0 0 1 1 1 0 1 0
(60) 0 0 0 0 0 0 1 1 1 0 1 1
(61) 0 0 0 0 0 0 1 1 1 1 0 0
(62) 0 0 0 0 0 0 1 1 1 1 0 1
(63) 0 0 0 0 0 0 1 1 1 1 1 0
(64) 0 0 0 0 0 0 1 1 1 1 1 1
(65) 0 0 0 0 0 1 0 0 0 0 0 0
(66) 0 0 0 0 0 1 0 0 0 0 0 1
(67) 0 0 0 0 0 1 0 0 0 0 1 0
(68) 0 0 0 0 0 1 0 0 0 1 0 0
(69) 0 0 0 0 0 1 0 0 0 1 1 0
(70) 0 0 0 0 0 1 0 0 1 0 0 0
(71) 0 0 0 0 0 1 0 0 1 0 1 0
(72) 0 0 0 0 0 1 0 0 1 1 0 0
(73) 0 0 0 0 0 1 0 0 1 1 1 0
(74) 0 0 0 0 0 1 0 1 0 0 0 0
(75) 0 0 0 0 0 1 0 1 0 0 1 0
(76) 0 0 0 0 0 1 0 1 0 1 0 0
(77) 0 0 0 0 0 1 0 1 0 1 1 0
(78) 0 0 0 0 0 1 0 1 1 0 0 0
(79) 0 0 0 0 0 1 0 1 1 0 1 0
(80) 0 0 0 0 0 1 0 1 1 1 0 0
(81) 0 0 0 0 0 1 0 1 1 1 1 0
(82) 0 0 0 0 0 1 1 0 0 0 0 0
(83) 0 0 0 0 0 1 1 0 0 0 1 0
(84) 0 0 0 0 0 1 1 0 0 1 0 0
(85) 0 0 0 0 0 1 1 0 0 1 1 0
(86) 0 0 0 0 0 1 1 0 1 0 0 0
(87) 0 0 0 0 0 1 1 0 1 0 1 0
(88) 0 0 0 0 0 1 1 0 1 1 0 0
(89) 0 0 0 0 0 1 1 0 1 1 1 0
(90) 0 0 0 0 0 1 1 1 0 0 0 0
(91) 0 0 0 0 0 1 1 1 0 0 1 0
(92) 0 0 0 0 0 1 1 1 0 1 0 0
(93) 0 0 0 0 0 1 1 1 0 1 1 0
(94) 0 0 0 0 0 1 1 1 1 0 0 0
(95) 0 0 0 0 0 1 1 1 1 0 1 0
(96) 0 0 0 0 0 1 1 1 1 1 0 0
(97) 0 0 0 0 0 1 1 1 1 1 1 0
(98) 0 0 0 0 1 0 0 0 0 0 0 0
(99) 0 0 0 0 1 0 0 0 0 0 0 1
(100) 0 0 0 0 1 0 0 0 0 0 1 0
(101) 0 0 0 0 1 0 0 0 0 1 0 0
(102) 0 0 0 0 1 0 0 0 0 1 0 1
(103) 0 0 0 0 1 0 0 0 1 0 0 0
(104) 0 0 0 0 1 0 0 0 1 0 0 1
(105) 0 0 0 0 1 0 0 0 1 1 0 0
(106) 0 0 0 0 1 0 0 0 1 1 0 1
(107) 0 0 0 0 1 0 0 1 0 0 0 0
(108) 0 0 0 0 1 0 0 1 0 0 0 1
(109) 0 0 0 0 1 0 0 1 0 1 0 0
(110) 0 0 0 0 1 0 0 1 0 1 0 1
(111) 0 0 0 0 1 0 0 1 1 0 0 0
(112) 0 0 0 0 1 0 0 1 1 0 0 1
(113) 0 0 0 0 1 0 0 1 1 1 0 0
(114) 0 0 0 0 1 0 0 1 1 1 0 1
(115) 0 0 0 0 1 0 1 0 0 0 0 0
(116) 0 0 0 0 1 0 1 0 0 0 0 1
(117) 0 0 0 0 1 0 1 0 0 1 0 0
(118) 0 0 0 0 1 0 1 0 0 1 0 1
(119) 0 0 0 0 1 0 1 0 1 0 0 0
(120) 0 0 0 0 1 0 1 0 1 0 0 1
(121) 0 0 0 0 1 0 1 0 1 1 0 0
(122) 0 0 0 0 1 0 1 0 1 1 0 1
(123) 0 0 0 0 1 0 1 1 0 0 0 0
(124) 0 0 0 0 1 0 1 1 0 0 0 1
(125) 0 0 0 0 1 0 1 1 0 1 0 0
(126) 0 0 0 0 1 0 1 1 0 1 0 1
(127) 0 0 0 0 1 0 1 1 1 0 0 0
(128) 0 0 0 0 1 0 1 1 1 0 0 1
(129) 0 0 0 0 1 0 1 1 1 1 0 0
(130) 0 0 0 0 1 0 1 1 1 1 0 1
(131) 0 0 0 0 1 1 0 0 0 0 0 0
(132) 0 0 0 0 1 1 0 0 0 0 1 1
(133) 0 0 0 0 1 1 0 0 0 1 0 0
(134) 0 0 0 0 1 1 0 0 1 0 0 0
(135) 0 0 0 0 1 1 0 0 1 1 0 0
(136) 0 0 0 0 1 1 0 1 0 0 0 0
(137) 0 0 0 0 1 1 0 1 0 1 0 0
(138) 0 0 0 0 1 1 0 1 1 0 0 0
(139) 0 0 0 0 1 1 0 1 1 1 0 0
(140) 0 0 0 0 1 1 1 0 0 0 0 0
(141) 0 0 0 0 1 1 1 0 0 1 0 0
(142) 0 0 0 0 1 1 1 0 1 0 0 0
(143) 0 0 0 0 1 1 1 0 1 1 0 0
(144) 0 0 0 0 1 1 1 1 0 0 0 0
(145) 0 0 0 0 1 1 1 1 0 1 0 0
(146) 0 0 0 0 1 1 1 1 1 0 0 0
(147) 0 0 0 0 1 1 1 1 1 1 0 0
(148) 0 0 0 1 0 0 0 0 0 0 0 0
(149) 0 0 0 1 0 0 0 0 0 0 0 1
(150) 0 0 0 1 0 0 0 0 0 0 1 0
(151) 0 0 0 1 0 0 0 0 0 0 1 1
(152) 0 0 0 1 0 0 0 0 0 1 0 0
(153) 0 0 0 1 0 0 0 0 1 0 0 0
(154) 0 0 0 1 0 0 0 0 1 0 0 1
(155) 0 0 0 1 0 0 0 0 1 0 1 0
(156) 0 0 0 1 0 0 0 0 1 0 1 1
(157) 0 0 0 1 0 0 0 1 0 0 0 0
(158) 0 0 0 1 0 0 0 1 0 0 0 1
(159) 0 0 0 1 0 0 0 1 0 0 1 0
(160) 0 0 0 1 0 0 0 1 0 0 1 1
(161) 0 0 0 1 0 0 0 1 1 0 0 0
(162) 0 0 0 1 0 0 0 1 1 0 0 1
(163) 0 0 0 1 0 0 0 1 1 0 1 0
(164) 0 0 0 1 0 0 0 1 1 0 1 1
(165) 0 0 0 1 0 0 1 0 0 0 0 0
(166) 0 0 0 1 0 0 1 0 0 0 0 1
(167) 0 0 0 1 0 0 1 0 0 0 1 0
(168) 0 0 0 1 0 0 1 0 0 0 1 1
(169) 0 0 0 1 0 0 1 0 1 0 0 0
(170) 0 0 0 1 0 0 1 0 1 0 0 1
(171) 0 0 0 1 0 0 1 0 1 0 1 0
(172) 0 0 0 1 0 0 1 0 1 0 1 1
(173) 0 0 0 1 0 0 1 1 0 0 0 0
(174) 0 0 0 1 0 0 1 1 0 0 0 1
(175) 0 0 0 1 0 0 1 1 0 0 1 0
(176) 0 0 0 1 0 0 1 1 0 0 1 1
(177) 0 0 0 1 0 0 1 1 1 0 0 0
(178) 0 0 0 1 0 0 1 1 1 0 0 1
(179) 0 0 0 1 0 0 1 1 1 0 1 0
(180) 0 0 0 1 0 0 1 1 1 0 1 1
(181) 0 0 0 1 0 1 0 0 0 0 0 0
(182) 0 0 0 1 0 1 0 0 0 0 1 0
(183) 0 0 0 1 0 1 0 0 0 1 0 1
(184) 0 0 0 1 0 1 0 0 1 0 0 0
(185) 0 0 0 1 0 1 0 0 1 0 1 0
(186) 0 0 0 1 0 1 0 1 0 0 0 0
(187) 0 0 0 1 0 1 0 1 0 0 1 0
(188) 0 0 0 1 0 1 0 1 1 0 0 0
(189) 0 0 0 1 0 1 0 1 1 0 1 0
(190) 0 0 0 1 0 1 1 0 0 0 0 0
(191) 0 0 0 1 0 1 1 0 0 0 1 0
(192) 0 0 0 1 0 1 1 0 1 0 0 0
(193) 0 0 0 1 0 1 1 0 1 0 1 0
(194) 0 0 0 1 0 1 1 1 0 0 0 0
(195) 0 0 0 1 0 1 1 1 0 0 1 0
(196) 0 0 0 1 0 1 1 1 1 0 0 0
(197) 0 0 0 1 0 1 1 1 1 0 1 0
(198) 0 0 0 1 1 0 0 0 0 0 0 0
(199) 0 0 0 1 1 0 0 0 0 0 0 1
(200) 0 0 0 1 1 0 0 0 0 1 1 0
(201) 0 0 0 1 1 0 0 0 1 0 0 0
(202) 0 0 0 1 1 0 0 0 1 0 0 1
(203) 0 0 0 1 1 0 0 1 0 0 0 0
(204) 0 0 0 1 1 0 0 1 0 0 0 1
(205) 0 0 0 1 1 0 0 1 1 0 0 0
(206) 0 0 0 1 1 0 0 1 1 0 0 1
(207) 0 0 0 1 1 0 1 0 0 0 0 0
(208) 0 0 0 1 1 0 1 0 0 0 0 1
(209) 0 0 0 1 1 0 1 0 1 0 0 0
(210) 0 0 0 1 1 0 1 0 1 0 0 1
(211) 0 0 0 1 1 0 1 1 0 0 0 0
(212) 0 0 0 1 1 0 1 1 0 0 0 1
(213) 0 0 0 1 1 0 1 1 1 0 0 0
(214) 0 0 0 1 1 0 1 1 1 0 0 1
(215) 0 0 0 1 1 1 0 0 0 0 0 0
(216) 0 0 0 1 1 1 0 0 0 1 1 1
(217) 0 0 0 1 1 1 0 0 1 0 0 0
(218) 0 0 0 1 1 1 0 1 0 0 0 0
(219) 0 0 0 1 1 1 0 1 1 0 0 0
(220) 0 0 0 1 1 1 1 0 0 0 0 0
(221) 0 0 0 1 1 1 1 0 1 0 0 0
(222) 0 0 0 1 1 1 1 1 0 0 0 0
(223) 0 0 0 1 1 1 1 1 1 0 0 0
(224) 0 0 1 0 0 0 0 0 0 0 0 0
(225) 0 0 1 0 0 0 0 0 0 0 0 1
(226) 0 0 1 0 0 0 0 0 0 0 1 0
(227) 0 0 1 0 0 0 0 0 0 0 1 1
(228) 0 0 1 0 0 0 0 0 0 1 0 0
(229) 0 0 1 0 0 0 0 0 0 1 0 1
(230) 0 0 1 0 0 0 0 0 0 1 1 0
(231) 0 0 1 0 0 0 0 0 0 1 1 1
(232) 0 0 1 0 0 0 0 0 1 0 0 0
(233) 0 0 1 0 0 0 0 1 0 0 0 0
(234) 0 0 1 0 0 0 0 1 0 0 0 1
(235) 0 0 1 0 0 0 0 1 0 0 1 0
(236) 0 0 1 0 0 0 0 1 0 0 1 1
(237) 0 0 1 0 0 0 0 1 0 1 0 0
(238) 0 0 1 0 0 0 0 1 0 1 0 1
(239) 0 0 1 0 0 0 0 1 0 1 1 0
(240) 0 0 1 0 0 0 0 1 0 1 1 1
(241) 0 0 1 0 0 0 1 0 0 0 0 0
(242) 0 0 1 0 0 0 1 0 0 0 0 1
(243) 0 0 1 0 0 0 1 0 0 0 1 0
(244) 0 0 1 0 0 0 1 0 0 0 1 1
(245) 0 0 1 0 0 0 1 0 0 1 0 0
(246) 0 0 1 0 0 0 1 0 0 1 0 1
(247) 0 0 1 0 0 0 1 0 0 1 1 0
(248) 0 0 1 0 0 0 1 0 0 1 1 1
(249) 0 0 1 0 0 0 1 1 0 0 0 0
(250) 0 0 1 0 0 0 1 1 0 0 0 1
(251) 0 0 1 0 0 0 1 1 0 0 1 0
(252) 0 0 1 0 0 0 1 1 0 0 1 1
(253) 0 0 1 0 0 0 1 1 0 1 0 0
(254) 0 0 1 0 0 0 1 1 0 1 0 1
(255) 0 0 1 0 0 0 1 1 0 1 1 0
(256) 0 0 1 0 0 0 1 1 0 1 1 1
(257) 0 0 1 0 0 1 0 0 0 0 0 0
(258) 0 0 1 0 0 1 0 0 0 0 1 0
(259) 0 0 1 0 0 1 0 0 0 1 0 0
(260) 0 0 1 0 0 1 0 0 0 1 1 0
(261) 0 0 1 0 0 1 0 0 1 0 0 1
(262) 0 0 1 0 0 1 0 1 0 0 0 0
(263) 0 0 1 0 0 1 0 1 0 0 1 0
(264) 0 0 1 0 0 1 0 1 0 1 0 0
(265) 0 0 1 0 0 1 0 1 0 1 1 0
(266) 0 0 1 0 0 1 1 0 0 0 0 0
(267) 0 0 1 0 0 1 1 0 0 0 1 0
(268) 0 0 1 0 0 1 1 0 0 1 0 0
(269) 0 0 1 0 0 1 1 0 0 1 1 0
(270) 0 0 1 0 0 1 1 1 0 0 0 0
(271) 0 0 1 0 0 1 1 1 0 0 1 0
(272) 0 0 1 0 0 1 1 1 0 1 0 0
(273) 0 0 1 0 0 1 1 1 0 1 1 0
(274) 0 0 1 0 1 0 0 0 0 0 0 0
(275) 0 0 1 0 1 0 0 0 0 0 0 1
(276) 0 0 1 0 1 0 0 0 0 1 0 0
(277) 0 0 1 0 1 0 0 0 0 1 0 1
(278) 0 0 1 0 1 0 0 0 1 0 1 0
(279) 0 0 1 0 1 0 0 1 0 0 0 0
(280) 0 0 1 0 1 0 0 1 0 0 0 1
(281) 0 0 1 0 1 0 0 1 0 1 0 0
(282) 0 0 1 0 1 0 0 1 0 1 0 1
(283) 0 0 1 0 1 0 1 0 0 0 0 0
(284) 0 0 1 0 1 0 1 0 0 0 0 1
(285) 0 0 1 0 1 0 1 0 0 1 0 0
(286) 0 0 1 0 1 0 1 0 0 1 0 1
(287) 0 0 1 0 1 0 1 1 0 0 0 0
(288) 0 0 1 0 1 0 1 1 0 0 0 1
(289) 0 0 1 0 1 0 1 1 0 1 0 0
(290) 0 0 1 0 1 0 1 1 0 1 0 1
(291) 0 0 1 0 1 1 0 0 0 0 0 0
(292) 0 0 1 0 1 1 0 0 0 1 0 0
(293) 0 0 1 0 1 1 0 0 1 0 1 1
(294) 0 0 1 0 1 1 0 1 0 0 0 0
(295) 0 0 1 0 1 1 0 1 0 1 0 0
(296) 0 0 1 0 1 1 1 0 0 0 0 0
(297) 0 0 1 0 1 1 1 0 0 1 0 0
(298) 0 0 1 0 1 1 1 1 0 0 0 0
(299) 0 0 1 0 1 1 1 1 0 1 0 0
(300) 0 0 1 1 0 0 0 0 0 0 0 0
(301) 0 0 1 1 0 0 0 0 0 0 0 1
(302) 0 0 1 1 0 0 0 0 0 0 1 0
(303) 0 0 1 1 0 0 0 0 0 0 1 1
(304) 0 0 1 1 0 0 0 0 1 1 0 0
(305) 0 0 1 1 0 0 0 1 0 0 0 0
(306) 0 0 1 1 0 0 0 1 0 0 0 1
(307) 0 0 1 1 0 0 0 1 0 0 1 0
(308) 0 0 1 1 0 0 0 1 0 0 1 1
(309) 0 0 1 1 0 0 1 0 0 0 0 0
(310) 0 0 1 1 0 0 1 0 0 0 0 1
(311) 0 0 1 1 0 0 1 0 0 0 1 0
(312) 0 0 1 1 0 0 1 0 0 0 1 1
(313) 0 0 1 1 0 0 1 1 0 0 0 0
(314) 0 0 1 1 0 0 1 1 0 0 0 1
(315) 0 0 1 1 0 0 1 1 0 0 1 0
(316) 0 0 1 1 0 0 1 1 0 0 1 1
(317) 0 0 1 1 0 1 0 0 0 0 0 0
(318) 0 0 1 1 0 1 0 0 0 0 1 0
(319) 0 0 1 1 0 1 0 0 1 1 0 1
(320) 0 0 1 1 0 1 0 1 0 0 0 0
(321) 0 0 1 1 0 1 0 1 0 0 1 0
(322) 0 0 1 1 0 1 1 0 0 0 0 0
(323) 0 0 1 1 0 1 1 0 0 0 1 0
(324) 0 0 1 1 0 1 1 1 0 0 0 0
(325) 0 0 1 1 0 1 1 1 0 0 1 0
(326) 0 0 1 1 1 0 0 0 0 0 0 0
(327) 0 0 1 1 1 0 0 0 0 0 0 1
(328) 0 0 1 1 1 0 0 0 1 1 1 0
(329) 0 0 1 1 1 0 0 1 0 0 0 0
(330) 0 0 1 1 1 0 0 1 0 0 0 1
(331) 0 0 1 1 1 0 1 0 0 0 0 0
(332) 0 0 1 1 1 0 1 0 0 0 0 1
(333) 0 0 1 1 1 0 1 1 0 0 0 0
(334) 0 0 1 1 1 0 1 1 0 0 0 1
(335) 0 0 1 1 1 1 0 0 0 0 0 0
(336) 0 0 1 1 1 1 0 0 1 1 1 1
(337) 0 0 1 1 1 1 0 1 0 0 0 0
(338) 0 0 1 1 1 1 1 0 0 0 0 0
(339) 0 0 1 1 1 1 1 1 0 0 0 0
(340) 0 1 0 0 0 0 0 0 0 0 0 0
(341) 0 1 0 0 0 0 0 0 0 0 0 1
(342) 0 1 0 0 0 0 0 0 0 0 1 0
(343) 0 1 0 0 0 0 0 0 0 0 1 1
(344) 0 1 0 0 0 0 0 0 0 1 0 0
(345) 0 1 0 0 0 0 0 0 0 1 0 1
(346) 0 1 0 0 0 0 0 0 0 1 1 0
(347) 0 1 0 0 0 0 0 0 0 1 1 1
(348) 0 1 0 0 0 0 0 0 1 0 0 0
(349) 0 1 0 0 0 0 0 0 1 0 0 1
(350) 0 1 0 0 0 0 0 0 1 0 1 0
(351) 0 1 0 0 0 0 0 0 1 0 1 1
(352) 0 1 0 0 0 0 0 0 1 1 0 0
(353) 0 1 0 0 0 0 0 0 1 1 0 1
(354) 0 1 0 0 0 0 0 0 1 1 1 0
(355) 0 1 0 0 0 0 0 0 1 1 1 1
(356) 0 1 0 0 0 0 0 1 0 0 0 0
(357) 0 1 0 0 0 0 1 0 0 0 0 0
(358) 0 1 0 0 0 0 1 0 0 0 0 1
(359) 0 1 0 0 0 0 1 0 0 0 1 0
(360) 0 1 0 0 0 0 1 0 0 0 1 1
(361) 0 1 0 0 0 0 1 0 0 1 0 0
(362) 0 1 0 0 0 0 1 0 0 1 0 1
(363) 0 1 0 0 0 0 1 0 0 1 1 0
(364) 0 1 0 0 0 0 1 0 0 1 1 1
(365) 0 1 0 0 0 0 1 0 1 0 0 0
(366) 0 1 0 0 0 0 1 0 1 0 0 1
(367) 0 1 0 0 0 0 1 0 1 0 1 0
(368) 0 1 0 0 0 0 1 0 1 0 1 1
(369) 0 1 0 0 0 0 1 0 1 1 0 0
(370) 0 1 0 0 0 0 1 0 1 1 0 1
(371) 0 1 0 0 0 0 1 0 1 1 1 0
(372) 0 1 0 0 0 0 1 0 1 1 1 1
(373) 0 1 0 0 0 1 0 0 0 0 0 0
(374) 0 1 0 0 0 1 0 0 0 0 1 0
(375) 0 1 0 0 0 1 0 0 0 1 0 0
(376) 0 1 0 0 0 1 0 0 0 1 1 0
(377) 0 1 0 0 0 1 0 0 1 0 0 0
(378) 0 1 0 0 0 1 0 0 1 0 1 0
(379) 0 1 0 0 0 1 0 0 1 1 0 0
(380) 0 1 0 0 0 1 0 0 1 1 1 0
(381) 0 1 0 0 0 1 0 1 0 0 0 1
(382) 0 1 0 0 0 1 1 0 0 0 0 0
(383) 0 1 0 0 0 1 1 0 0 0 1 0
(384) 0 1 0 0 0 1 1 0 0 1 0 0
(385) 0 1 0 0 0 1 1 0 0 1 1 0
(386) 0 1 0 0 0 1 1 0 1 0 0 0
(387) 0 1 0 0 0 1 1 0 1 0 1 0
(388) 0 1 0 0 0 1 1 0 1 1 0 0
(389) 0 1 0 0 0 1 1 0 1 1 1 0
(390) 0 1 0 0 1 0 0 0 0 0 0 0
(391) 0 1 0 0 1 0 0 0 0 0 0 1
(392) 0 1 0 0 1 0 0 0 0 1 0 0
(393) 0 1 0 0 1 0 0 0 0 1 0 1
(394) 0 1 0 0 1 0 0 0 1 0 0 0
(395) 0 1 0 0 1 0 0 0 1 0 0 1
(396) 0 1 0 0 1 0 0 0 1 1 0 0
(397) 0 1 0 0 1 0 0 0 1 1 0 1
(398) 0 1 0 0 1 0 0 1 0 0 1 0
(399) 0 1 0 0 1 0 1 0 0 0 0 0
(400) 0 1 0 0 1 0 1 0 0 0 0 1
(401) 0 1 0 0 1 0 1 0 0 1 0 0
(402) 0 1 0 0 1 0 1 0 0 1 0 1
(403) 0 1 0 0 1 0 1 0 1 0 0 0
(404) 0 1 0 0 1 0 1 0 1 0 0 1
(405) 0 1 0 0 1 0 1 0 1 1 0 0
(406) 0 1 0 0 1 0 1 0 1 1 0 1
(407) 0 1 0 0 1 1 0 0 0 0 0 0
(408) 0 1 0 0 1 1 0 0 0 1 0 0
(409) 0 1 0 0 1 1 0 0 1 0 0 0
(410) 0 1 0 0 1 1 0 0 1 1 0 0
(411) 0 1 0 0 1 1 0 1 0 0 1 1
(412) 0 1 0 0 1 1 1 0 0 0 0 0
(413) 0 1 0 0 1 1 1 0 0 1 0 0
(414) 0 1 0 0 1 1 1 0 1 0 0 0
(415) 0 1 0 0 1 1 1 0 1 1 0 0
(416) 0 1 0 1 0 0 0 0 0 0 0 0
(417) 0 1 0 1 0 0 0 0 0 0 0 1
(418) 0 1 0 1 0 0 0 0 0 0 1 0
(419) 0 1 0 1 0 0 0 0 0 0 1 1
(420) 0 1 0 1 0 0 0 0 1 0 0 0
(421) 0 1 0 1 0 0 0 0 1 0 0 1
(422) 0 1 0 1 0 0 0 0 1 0 1 0
(423) 0 1 0 1 0 0 0 0 1 0 1 1
(424) 0 1 0 1 0 0 0 1 0 1 0 0
(425) 0 1 0 1 0 0 1 0 0 0 0 0
(426) 0 1 0 1 0 0 1 0 0 0 0 1
(427) 0 1 0 1 0 0 1 0 0 0 1 0
(428) 0 1 0 1 0 0 1 0 0 0 1 1
(429) 0 1 0 1 0 0 1 0 1 0 0 0
(430) 0 1 0 1 0 0 1 0 1 0 0 1
(431) 0 1 0 1 0 0 1 0 1 0 1 0
(432) 0 1 0 1 0 0 1 0 1 0 1 1
(433) 0 1 0 1 0 1 0 0 0 0 0 0
(434) 0 1 0 1 0 1 0 0 0 0 1 0
(435) 0 1 0 1 0 1 0 0 1 0 0 0
(436) 0 1 0 1 0 1 0 0 1 0 1 0
(437) 0 1 0 1 0 1 0 1 0 1 0 1
(438) 0 1 0 1 0 1 1 0 0 0 0 0
(439) 0 1 0 1 0 1 1 0 0 0 1 0
(440) 0 1 0 1 0 1 1 0 1 0 0 0
(441) 0 1 0 1 0 1 1 0 1 0 1 0
(442) 0 1 0 1 1 0 0 0 0 0 0 0
(443) 0 1 0 1 1 0 0 0 0 0 0 1
(444) 0 1 0 1 1 0 0 0 1 0 0 0
(445) 0 1 0 1 1 0 0 0 1 0 0 1
(446) 0 1 0 1 1 0 0 1 0 1 1 0
(447) 0 1 0 1 1 0 1 0 0 0 0 0
(448) 0 1 0 1 1 0 1 0 0 0 0 1
(449) 0 1 0 1 1 0 1 0 1 0 0 0
(450) 0 1 0 1 1 0 1 0 1 0 0 1
(451) 0 1 0 1 1 1 0 0 0 0 0 0
(452) 0 1 0 1 1 1 0 0 1 0 0 0
(453) 0 1 0 1 1 1 0 1 0 1 1 1
(454) 0 1 0 1 1 1 1 0 0 0 0 0
(455) 0 1 0 1 1 1 1 0 1 0 0 0
(456) 0 1 1 0 0 0 0 0 0 0 0 0
(457) 0 1 1 0 0 0 0 0 0 0 0 1
(458) 0 1 1 0 0 0 0 0 0 0 1 0
(459) 0 1 1 0 0 0 0 0 0 0 1 1
(460) 0 1 1 0 0 0 0 0 0 1 0 0
(461) 0 1 1 0 0 0 0 0 0 1 0 1
(462) 0 1 1 0 0 0 0 0 0 1 1 0
(463) 0 1 1 0 0 0 0 0 0 1 1 1
(464) 0 1 1 0 0 0 0 1 1 0 0 0
(465) 0 1 1 0 0 0 1 0 0 0 0 0
(466) 0 1 1 0 0 0 1 0 0 0 0 1
(467) 0 1 1 0 0 0 1 0 0 0 1 0
(468) 0 1 1 0 0 0 1 0 0 0 1 1
(469) 0 1 1 0 0 0 1 0 0 1 0 0
(470) 0 1 1 0 0 0 1 0 0 1 0 1
(471) 0 1 1 0 0 0 1 0 0 1 1 0
(472) 0 1 1 0 0 0 1 0 0 1 1 1
(473) 0 1 1 0 0 1 0 0 0 0 0 0
(474) 0 1 1 0 0 1 0 0 0 0 1 0
(475) 0 1 1 0 0 1 0 0 0 1 0 0
(476) 0 1 1 0 0 1 0 0 0 1 1 0
(477) 0 1 1 0 0 1 0 1 1 0 0 1
(478) 0 1 1 0 0 1 1 0 0 0 0 0
(479) 0 1 1 0 0 1 1 0 0 0 1 0
(480) 0 1 1 0 0 1 1 0 0 1 0 0
(481) 0 1 1 0 0 1 1 0 0 1 1 0
(482) 0 1 1 0 1 0 0 0 0 0 0 0
(483) 0 1 1 0 1 0 0 0 0 0 0 1
(484) 0 1 1 0 1 0 0 0 0 1 0 0
(485) 0 1 1 0 1 0 0 0 0 1 0 1
(486) 0 1 1 0 1 0 0 1 1 0 1 0
(487) 0 1 1 0 1 0 1 0 0 0 0 0
(488) 0 1 1 0 1 0 1 0 0 0 0 1
(489) 0 1 1 0 1 0 1 0 0 1 0 0
(490) 0 1 1 0 1 0 1 0 0 1 0 1
(491) 0 1 1 0 1 1 0 0 0 0 0 0
(492) 0 1 1 0 1 1 0 0 0 1 0 0
(493) 0 1 1 0 1 1 0 1 1 0 1 1
(494) 0 1 1 0 1 1 1 0 0 0 0 0
(495) 0 1 1 0 1 1 1 0 0 1 0 0
(496) 0 1 1 1 0 0 0 0 0 0 0 0
(497) 0 1 1 1 0 0 0 0 0 0 0 1
(498) 0 1 1 1 0 0 0 0 0 0 1 0
(499) 0 1 1 1 0 0 0 0 0 0 1 1
(500) 0 1 1 1 0 0 0 1 1 1 0 0
(501) 0 1 1 1 0 0 1 0 0 0 0 0
(502) 0 1 1 1 0 0 1 0 0 0 0 1
(503) 0 1 1 1 0 0 1 0 0 0 1 0
(504) 0 1 1 1 0 0 1 0 0 0 1 1
(505) 0 1 1 1 0 1 0 0 0 0 0 0
(506) 0 1 1 1 0 1 0 0 0 0 1 0
(507) 0 1 1 1 0 1 0 1 1 1 0 1
(508) 0 1 1 1 0 1 1 0 0 0 0 0
(509) 0 1 1 1 0 1 1 0 0 0 1 0
(510) 0 1 1 1 1 0 0 0 0 0 0 0
(511) 0 1 1 1 1 0 0 0 0 0 0 1
(512) 0 1 1 1 1 0 0 1 1 1 1 0
(513) 0 1 1 1 1 0 1 0 0 0 0 0
(514) 0 1 1 1 1 0 1 0 0 0 0 1
(515) 0 1 1 1 1 1 0 0 0 0 0 0
(516) 0 1 1 1 1 1 0 1 1 1 1 1
(517) 0 1 1 1 1 1 1 0 0 0 0 0
(518) 1 0 0 0 0 0 0 0 0 0 0 0
(519) 1 0 0 0 0 0 0 0 0 0 0 1
(520) 1 0 0 0 0 0 0 0 0 0 1 0
(521) 1 0 0 0 0 0 0 0 0 0 1 1
(522) 1 0 0 0 0 0 0 0 0 1 0 0
(523) 1 0 0 0 0 0 0 0 0 1 0 1
(524) 1 0 0 0 0 0 0 0 0 1 1 0
(525) 1 0 0 0 0 0 0 0 0 1 1 1
(526) 1 0 0 0 0 0 0 0 1 0 0 0
(527) 1 0 0 0 0 0 0 0 1 0 0 1
(528) 1 0 0 0 0 0 0 0 1 0 1 0
(529) 1 0 0 0 0 0 0 0 1 0 1 1
(530) 1 0 0 0 0 0 0 0 1 1 0 0
(531) 1 0 0 0 0 0 0 0 1 1 0 1
(532) 1 0 0 0 0 0 0 0 1 1 1 0
(533) 1 0 0 0 0 0 0 0 1 1 1 1
(534) 1 0 0 0 0 0 0 1 0 0 0 0
(535) 1 0 0 0 0 0 0 1 0 0 0 1
(536) 1 0 0 0 0 0 0 1 0 0 1 0
(537) 1 0 0 0 0 0 0 1 0 0 1 1
(538) 1 0 0 0 0 0 0 1 0 1 0 0
(539) 1 0 0 0 0 0 0 1 0 1 0 1
(540) 1 0 0 0 0 0 0 1 0 1 1 0
(541) 1 0 0 0 0 0 0 1 0 1 1 1
(542) 1 0 0 0 0 0 0 1 1 0 0 0
(543) 1 0 0 0 0 0 0 1 1 0 0 1
(544) 1 0 0 0 0 0 0 1 1 0 1 0
(545) 1 0 0 0 0 0 0 1 1 0 1 1
(546) 1 0 0 0 0 0 0 1 1 1 0 0
(547) 1 0 0 0 0 0 0 1 1 1 0 1
(548) 1 0 0 0 0 0 0 1 1 1 1 0
(549) 1 0 0 0 0 0 0 1 1 1 1 1
(550) 1 0 0 0 0 0 1 0 0 0 0 0
(551) 1 0 0 0 0 1 0 0 0 0 0 0
(552) 1 0 0 0 0 1 0 0 0 0 1 0
(553) 1 0 0 0 0 1 0 0 0 1 0 0
(554) 1 0 0 0 0 1 0 0 0 1 1 0
(555) 1 0 0 0 0 1 0 0 1 0 0 0
(556) 1 0 0 0 0 1 0 0 1 0 1 0
(557) 1 0 0 0 0 1 0 0 1 1 0 0
(558) 1 0 0 0 0 1 0 0 1 1 1 0
(559) 1 0 0 0 0 1 0 1 0 0 0 0
(560) 1 0 0 0 0 1 0 1 0 0 1 0
(561) 1 0 0 0 0 1 0 1 0 1 0 0
(562) 1 0 0 0 0 1 0 1 0 1 1 0
(563) 1 0 0 0 0 1 0 1 1 0 0 0
(564) 1 0 0 0 0 1 0 1 1 0 1 0
(565) 1 0 0 0 0 1 0 1 1 1 0 0
(566) 1 0 0 0 0 1 0 1 1 1 1 0
(567) 1 0 0 0 0 1 1 0 0 0 0 1
(568) 1 0 0 0 1 0 0 0 0 0 0 0
(569) 1 0 0 0 1 0 0 0 0 0 0 1
(570) 1 0 0 0 1 0 0 0 0 1 0 0
(571) 1 0 0 0 1 0 0 0 0 1 0 1
(572) 1 0 0 0 1 0 0 0 1 0 0 0
(573) 1 0 0 0 1 0 0 0 1 0 0 1
(574) 1 0 0 0 1 0 0 0 1 1 0 0
(575) 1 0 0 0 1 0 0 0 1 1 0 1
(576) 1 0 0 0 1 0 0 1 0 0 0 0
(577) 1 0 0 0 1 0 0 1 0 0 0 1
(578) 1 0 0 0 1 0 0 1 0 1 0 0
(579) 1 0 0 0 1 0 0 1 0 1 0 1
(580) 1 0 0 0 1 0 0 1 1 0 0 0
(581) 1 0 0 0 1 0 0 1 1 0 0 1
(582) 1 0 0 0 1 0 0 1 1 1 0 0
(583) 1 0 0 0 1 0 0 1 1 1 0 1
(584) 1 0 0 0 1 0 1 0 0 0 1 0
(585) 1 0 0 0 1 1 0 0 0 0 0 0
(586) 1 0 0 0 1 1 0 0 0 1 0 0
(587) 1 0 0 0 1 1 0 0 1 0 0 0
(588) 1 0 0 0 1 1 0 0 1 1 0 0
(589) 1 0 0 0 1 1 0 1 0 0 0 0
(590) 1 0 0 0 1 1 0 1 0 1 0 0
(591) 1 0 0 0 1 1 0 1 1 0 0 0
(592) 1 0 0 0 1 1 0 1 1 1 0 0
(593) 1 0 0 0 1 1 1 0 0 0 1 1
(594) 1 0 0 1 0 0 0 0 0 0 0 0
(595) 1 0 0 1 0 0 0 0 0 0 0 1
(596) 1 0 0 1 0 0 0 0 0 0 1 0
(597) 1 0 0 1 0 0 0 0 0 0 1 1
(598) 1 0 0 1 0 0 0 0 1 0 0 0
(599) 1 0 0 1 0 0 0 0 1 0 0 1
(600) 1 0 0 1 0 0 0 0 1 0 1 0
(601) 1 0 0 1 0 0 0 0 1 0 1 1
(602) 1 0 0 1 0 0 0 1 0 0 0 0
(603) 1 0 0 1 0 0 0 1 0 0 0 1
(604) 1 0 0 1 0 0 0 1 0 0 1 0
(605) 1 0 0 1 0 0 0 1 0 0 1 1
(606) 1 0 0 1 0 0 0 1 1 0 0 0
(607) 1 0 0 1 0 0 0 1 1 0 0 1
(608) 1 0 0 1 0 0 0 1 1 0 1 0
(609) 1 0 0 1 0 0 0 1 1 0 1 1
(610) 1 0 0 1 0 0 1 0 0 1 0 0
(611) 1 0 0 1 0 1 0 0 0 0 0 0
(612) 1 0 0 1 0 1 0 0 0 0 1 0
(613) 1 0 0 1 0 1 0 0 1 0 0 0
(614) 1 0 0 1 0 1 0 0 1 0 1 0
(615) 1 0 0 1 0 1 0 1 0 0 0 0
(616) 1 0 0 1 0 1 0 1 0 0 1 0
(617) 1 0 0 1 0 1 0 1 1 0 0 0
(618) 1 0 0 1 0 1 0 1 1 0 1 0
(619) 1 0 0 1 0 1 1 0 0 1 0 1
(620) 1 0 0 1 1 0 0 0 0 0 0 0
(621) 1 0 0 1 1 0 0 0 0 0 0 1
(622) 1 0 0 1 1 0 0 0 1 0 0 0
(623) 1 0 0 1 1 0 0 0 1 0 0 1
(624) 1 0 0 1 1 0 0 1 0 0 0 0
(625) 1 0 0 1 1 0 0 1 0 0 0 1
(626) 1 0 0 1 1 0 0 1 1 0 0 0
(627) 1 0 0 1 1 0 0 1 1 0 0 1
(628) 1 0 0 1 1 0 1 0 0 1 1 0
(629) 1 0 0 1 1 1 0 0 0 0 0 0
(630) 1 0 0 1 1 1 0 0 1 0 0 0
(631) 1 0 0 1 1 1 0 1 0 0 0 0
(632) 1 0 0 1 1 1 0 1 1 0 0 0
(633) 1 0 0 1 1 1 1 0 0 1 1 1
(634) 1 0 1 0 0 0 0 0 0 0 0 0
(635) 1 0 1 0 0 0 0 0 0 0 0 1
(636) 1 0 1 0 0 0 0 0 0 0 1 0
(637) 1 0 1 0 0 0 0 0 0 0 1 1
(638) 1 0 1 0 0 0 0 0 0 1 0 0
(639) 1 0 1 0 0 0 0 0 0 1 0 1
(640) 1 0 1 0 0 0 0 0 0 1 1 0
(641) 1 0 1 0 0 0 0 0 0 1 1 1
(642) 1 0 1 0 0 0 0 1 0 0 0 0
(643) 1 0 1 0 0 0 0 1 0 0 0 1
(644) 1 0 1 0 0 0 0 1 0 0 1 0
(645) 1 0 1 0 0 0 0 1 0 0 1 1
(646) 1 0 1 0 0 0 0 1 0 1 0 0
(647) 1 0 1 0 0 0 0 1 0 1 0 1
(648) 1 0 1 0 0 0 0 1 0 1 1 0
(649) 1 0 1 0 0 0 0 1 0 1 1 1
(650) 1 0 1 0 0 0 1 0 1 0 0 0
(651) 1 0 1 0 0 1 0 0 0 0 0 0
(652) 1 0 1 0 0 1 0 0 0 0 1 0
(653) 1 0 1 0 0 1 0 0 0 1 0 0
(654) 1 0 1 0 0 1 0 0 0 1 1 0
(655) 1 0 1 0 0 1 0 1 0 0 0 0
(656) 1 0 1 0 0 1 0 1 0 0 1 0
(657) 1 0 1 0 0 1 0 1 0 1 0 0
(658) 1 0 1 0 0 1 0 1 0 1 1 0
(659) 1 0 1 0 0 1 1 0 1 0 0 1
(660) 1 0 1 0 1 0 0 0 0 0 0 0
(661) 1 0 1 0 1 0 0 0 0 0 0 1
(662) 1 0 1 0 1 0 0 0 0 1 0 0
(663) 1 0 1 0 1 0 0 0 0 1 0 1
(664) 1 0 1 0 1 0 0 1 0 0 0 0
(665) 1 0 1 0 1 0 0 1 0 0 0 1
(666) 1 0 1 0 1 0 0 1 0 1 0 0
(667) 1 0 1 0 1 0 0 1 0 1 0 1
(668) 1 0 1 0 1 0 1 0 1 0 1 0
(669) 1 0 1 0 1 1 0 0 0 0 0 0
(670) 1 0 1 0 1 1 0 0 0 1 0 0
(671) 1 0 1 0 1 1 0 1 0 0 0 0
(672) 1 0 1 0 1 1 0 1 0 1 0 0
(673) 1 0 1 0 1 1 1 0 1 0 1 1
(674) 1 0 1 1 0 0 0 0 0 0 0 0
(675) 1 0 1 1 0 0 0 0 0 0 0 1
(676) 1 0 1 1 0 0 0 0 0 0 1 0
(677) 1 0 1 1 0 0 0 0 0 0 1 1
(678) 1 0 1 1 0 0 0 1 0 0 0 0
(679) 1 0 1 1 0 0 0 1 0 0 0 1
(680) 1 0 1 1 0 0 0 1 0 0 1 0
(681) 1 0 1 1 0 0 0 1 0 0 1 1
(682) 1 0 1 1 0 0 1 0 1 1 0 0
(683) 1 0 1 1 0 1 0 0 0 0 0 0
(684) 1 0 1 1 0 1 0 0 0 0 1 0
(685) 1 0 1 1 0 1 0 1 0 0 0 0
(686) 1 0 1 1 0 1 0 1 0 0 1 0
(687) 1 0 1 1 0 1 1 0 1 1 0 1
(688) 1 0 1 1 1 0 0 0 0 0 0 0
(689) 1 0 1 1 1 0 0 0 0 0 0 1
(690) 1 0 1 1 1 0 0 1 0 0 0 0
(691) 1 0 1 1 1 0 0 1 0 0 0 1
(692) 1 0 1 1 1 0 1 0 1 1 1 0
(693) 1 0 1 1 1 1 0 0 0 0 0 0
(694) 1 0 1 1 1 1 0 1 0 0 0 0
(695) 1 0 1 1 1 1 1 0 1 1 1 1
(696) 1 1 0 0 0 0 0 0 0 0 0 0
(697) 1 1 0 0 0 0 0 0 0 0 0 1
(698) 1 1 0 0 0 0 0 0 0 0 1 0
(699) 1 1 0 0 0 0 0 0 0 0 1 1
(700) 1 1 0 0 0 0 0 0 0 1 0 0
(701) 1 1 0 0 0 0 0 0 0 1 0 1
(702) 1 1 0 0 0 0 0 0 0 1 1 0
(703) 1 1 0 0 0 0 0 0 0 1 1 1
(704) 1 1 0 0 0 0 0 0 1 0 0 0
(705) 1 1 0 0 0 0 0 0 1 0 0 1
(706) 1 1 0 0 0 0 0 0 1 0 1 0
(707) 1 1 0 0 0 0 0 0 1 0 1 1
(708) 1 1 0 0 0 0 0 0 1 1 0 0
(709) 1 1 0 0 0 0 0 0 1 1 0 1
(710) 1 1 0 0 0 0 0 0 1 1 1 0
(711) 1 1 0 0 0 0 0 0 1 1 1 1
(712) 1 1 0 0 0 0 1 1 0 0 0 0
(713) 1 1 0 0 0 1 0 0 0 0 0 0
(714) 1 1 0 0 0 1 0 0 0 0 1 0
(715) 1 1 0 0 0 1 0 0 0 1 0 0
(716) 1 1 0 0 0 1 0 0 0 1 1 0
(717) 1 1 0 0 0 1 0 0 1 0 0 0
(718) 1 1 0 0 0 1 0 0 1 0 1 0
(719) 1 1 0 0 0 1 0 0 1 1 0 0
(720) 1 1 0 0 0 1 0 0 1 1 1 0
(721) 1 1 0 0 0 1 1 1 0 0 0 1
(722) 1 1 0 0 1 0 0 0 0 0 0 0
(723) 1 1 0 0 1 0 0 0 0 0 0 1
(724) 1 1 0 0 1 0 0 0 0 1 0 0
(725) 1 1 0 0 1 0 0 0 0 1 0 1
(726) 1 1 0 0 1 0 0 0 1 0 0 0
(727) 1 1 0 0 1 0 0 0 1 0 0 1
(728) 1 1 0 0 1 0 0 0 1 1 0 0
(729) 1 1 0 0 1 0 0 0 1 1 0 1
(730) 1 1 0 0 1 0 1 1 0 0 1 0
(731) 1 1 0 0 1 1 0 0 0 0 0 0
(732) 1 1 0 0 1 1 0 0 0 1 0 0
(733) 1 1 0 0 1 1 0 0 1 0 0 0
(734) 1 1 0 0 1 1 0 0 1 1 0 0
(735) 1 1 0 0 1 1 1 1 0 0 1 1
(736) 1 1 0 1 0 0 0 0 0 0 0 0
(737) 1 1 0 1 0 0 0 0 0 0 0 1
(738) 1 1 0 1 0 0 0 0 0 0 1 0
(739) 1 1 0 1 0 0 0 0 0 0 1 1
(740) 1 1 0 1 0 0 0 0 1 0 0 0
(741) 1 1 0 1 0 0 0 0 1 0 0 1
(742) 1 1 0 1 0 0 0 0 1 0 1 0
(743) 1 1 0 1 0 0 0 0 1 0 1 1
(744) 1 1 0 1 0 0 1 1 0 1 0 0
(745) 1 1 0 1 0 1 0 0 0 0 0 0
(746) 1 1 0 1 0 1 0 0 0 0 1 0
(747) 1 1 0 1 0 1 0 0 1 0 0 0
(748) 1 1 0 1 0 1 0 0 1 0 1 0
(749) 1 1 0 1 0 1 1 1 0 1 0 1
(750) 1 1 0 1 1 0 0 0 0 0 0 0
(751) 1 1 0 1 1 0 0 0 0 0 0 1
(752) 1 1 0 1 1 0 0 0 1 0 0 0
(753) 1 1 0 1 1 0 0 0 1 0 0 1
(754) 1 1 0 1 1 0 1 1 0 1 1 0
(755) 1 1 0 1 1 1 0 0 0 0 0 0
(756) 1 1 0 1 1 1 0 0 1 0 0 0
(757) 1 1 0 1 1 1 1 1 0 1 1 1
(758) 1 1 1 0 0 0 0 0 0 0 0 0
(759) 1 1 1 0 0 0 0 0 0 0 0 1
(760) 1 1 1 0 0 0 0 0 0 0 1 0
(761) 1 1 1 0 0 0 0 0 0 0 1 1
(762) 1 1 1 0 0 0 0 0 0 1 0 0
(763) 1 1 1 0 0 0 0 0 0 1 0 1
(764) 1 1 1 0 0 0 0 0 0 1 1 0
(765) 1 1 1 0 0 0 0 0 0 1 1 1
(766) 1 1 1 0 0 0 1 1 1 0 0 0
(767) 1 1 1 0 0 1 0 0 0 0 0 0
(768) 1 1 1 0 0 1 0 0 0 0 1 0
(769) 1 1 1 0 0 1 0 0 0 1 0 0
(770) 1 1 1 0 0 1 0 0 0 1 1 0
(771) 1 1 1 0 0 1 1 1 1 0 0 1
(772) 1 1 1 0 1 0 0 0 0 0 0 0
(773) 1 1 1 0 1 0 0 0 0 0 0 1
(774) 1 1 1 0 1 0 0 0 0 1 0 0
(775) 1 1 1 0 1 0 0 0 0 1 0 1
(776) 1 1 1 0 1 0 1 1 1 0 1 0
(777) 1 1 1 0 1 1 0 0 0 0 0 0
(778) 1 1 1 0 1 1 0 0 0 1 0 0
(779) 1 1 1 0 1 1 1 1 1 0 1 1
(780) 1 1 1 1 0 0 0 0 0 0 0 0
(781) 1 1 1 1 0 0 0 0 0 0 0 1
(782) 1 1 1 1 0 0 0 0 0 0 1 0
(783) 1 1 1 1 0 0 0 0 0 0 1 1
(784) 1 1 1 1 0 0 1 1 1 1 0 0
(785) 1 1 1 1 0 1 0 0 0 0 0 0
(786) 1 1 1 1 0 1 0 0 0 0 1 0
(787) 1 1 1 1 0 1 1 1 1 1 0 1
(788) 1 1 1 1 1 0 0 0 0 0 0 0
(789) 1 1 1 1 1 0 0 0 0 0 0 1
(790) 1 1 1 1 1 0 1 1 1 1 1 0
(791) 1 1 1 1 1 1 0 0 0 0 0 0
(792) 1 1 1 1 1 1 1 1 1 1 1 1
