Overlap label/order: [[1, 3], [1, 4], [1, 5], [1, 6], [1, 7], [2, 3], [2, 4], [2, 5], [2, 6], [2, 7]]
Cycles:  [[1, 4, 2, 3], [1, 5, 2, 3], [1, 6, 2, 3], [1, 7, 2, 3], [1, 5, 2, 4], [1, 6, 2, 4], [1, 7, 2, 4], [1, 6, 2, 5], [1, 7, 2, 5], [1, 7, 2, 6]]
Dimension:  10
(1) 0 0 0 0 0 0 0 0 0 0
(2) 0 0 0 0 0 0 0 0 0 1
(3) 0 0 0 0 0 0 0 0 1 0
(4) 0 0 0 0 0 0 0 0 1 1
(5) 0 0 0 0 0 0 0 1 0 0
(6) 0 0 0 0 0 0 0 1 0 1
(7) 0 0 0 0 0 0 0 1 1 0
(8) 0 0 0 0 0 0 0 1 1 1
(9) 0 0 0 0 0 0 1 0 0 0
(10) 0 0 0 0 0 0 1 0 0 1
(11) 0 0 0 0 0 0 1 0 1 0
(12) 0 0 0 0 0 0 1 0 1 1
(13) 0 0 0 0 0 0 1 1 0 0
(14) 0 0 0 0 0 0 1 1 0 1
(15) 0 0 0 0 0 0 1 1 1 0
(16) 0 0 0 0 0 0 1 1 1 1
(17) 0 0 0 0 0 1 0 0 0 0
(18) 0 0 0 0 0 1 0 0 0 1
(19) 0 0 0 0 0 1 0 0 1 0
(20) 0 0 0 0 0 1 0 0 1 1
(21) 0 0 0 0 0 1 0 1 0 0
(22) 0 0 0 0 0 1 0 1 0 1
(23) 0 0 0 0 0 1 0 1 1 0
(24) 0 0 0 0 0 1 0 1 1 1
(25) 0 0 0 0 0 1 1 0 0 0
(26) 0 0 0 0 0 1 1 0 0 1
(27) 0 0 0 0 0 1 1 0 1 0
(28) 0 0 0 0 0 1 1 0 1 1
(29) 0 0 0 0 0 1 1 1 0 0
(30) 0 0 0 0 0 1 1 1 0 1
(31) 0 0 0 0 0 1 1 1 1 0
(32) 0 0 0 0 0 1 1 1 1 1
(33) 0 0 0 0 1 0 0 0 0 0
(34) 0 0 0 0 1 0 0 0 0 1
(35) 0 0 0 0 1 0 0 0 1 0
(36) 0 0 0 0 1 0 0 1 0 0
(37) 0 0 0 0 1 0 0 1 1 0
(38) 0 0 0 0 1 0 1 0 0 0
(39) 0 0 0 0 1 0 1 0 1 0
(40) 0 0 0 0 1 0 1 1 0 0
(41) 0 0 0 0 1 0 1 1 1 0
(42) 0 0 0 0 1 1 0 0 0 0
(43) 0 0 0 0 1 1 0 0 1 0
(44) 0 0 0 0 1 1 0 1 0 0
(45) 0 0 0 0 1 1 0 1 1 0
(46) 0 0 0 0 1 1 1 0 0 0
(47) 0 0 0 0 1 1 1 0 1 0
(48) 0 0 0 0 1 1 1 1 0 0
(49) 0 0 0 0 1 1 1 1 1 0
(50) 0 0 0 1 0 0 0 0 0 0
(51) 0 0 0 1 0 0 0 0 0 1
(52) 0 0 0 1 0 0 0 0 1 0
(53) 0 0 0 1 0 0 0 1 0 0
(54) 0 0 0 1 0 0 0 1 0 1
(55) 0 0 0 1 0 0 1 0 0 0
(56) 0 0 0 1 0 0 1 0 0 1
(57) 0 0 0 1 0 0 1 1 0 0
(58) 0 0 0 1 0 0 1 1 0 1
(59) 0 0 0 1 0 1 0 0 0 0
(60) 0 0 0 1 0 1 0 0 0 1
(61) 0 0 0 1 0 1 0 1 0 0
(62) 0 0 0 1 0 1 0 1 0 1
(63) 0 0 0 1 0 1 1 0 0 0
(64) 0 0 0 1 0 1 1 0 0 1
(65) 0 0 0 1 0 1 1 1 0 0
(66) 0 0 0 1 0 1 1 1 0 1
(67) 0 0 0 1 1 0 0 0 0 0
(68) 0 0 0 1 1 0 0 0 1 1
(69) 0 0 0 1 1 0 0 1 0 0
(70) 0 0 0 1 1 0 1 0 0 0
(71) 0 0 0 1 1 0 1 1 0 0
(72) 0 0 0 1 1 1 0 0 0 0
(73) 0 0 0 1 1 1 0 1 0 0
(74) 0 0 0 1 1 1 1 0 0 0
(75) 0 0 0 1 1 1 1 1 0 0
(76) 0 0 1 0 0 0 0 0 0 0
(77) 0 0 1 0 0 0 0 0 0 1
(78) 0 0 1 0 0 0 0 0 1 0
(79) 0 0 1 0 0 0 0 0 1 1
(80) 0 0 1 0 0 0 0 1 0 0
(81) 0 0 1 0 0 0 1 0 0 0
(82) 0 0 1 0 0 0 1 0 0 1
(83) 0 0 1 0 0 0 1 0 1 0
(84) 0 0 1 0 0 0 1 0 1 1
(85) 0 0 1 0 0 1 0 0 0 0
(86) 0 0 1 0 0 1 0 0 0 1
(87) 0 0 1 0 0 1 0 0 1 0
(88) 0 0 1 0 0 1 0 0 1 1
(89) 0 0 1 0 0 1 1 0 0 0
(90) 0 0 1 0 0 1 1 0 0 1
(91) 0 0 1 0 0 1 1 0 1 0
(92) 0 0 1 0 0 1 1 0 1 1
(93) 0 0 1 0 1 0 0 0 0 0
(94) 0 0 1 0 1 0 0 0 1 0
(95) 0 0 1 0 1 0 0 1 0 1
(96) 0 0 1 0 1 0 1 0 0 0
(97) 0 0 1 0 1 0 1 0 1 0
(98) 0 0 1 0 1 1 0 0 0 0
(99) 0 0 1 0 1 1 0 0 1 0
(100) 0 0 1 0 1 1 1 0 0 0
(101) 0 0 1 0 1 1 1 0 1 0
(102) 0 0 1 1 0 0 0 0 0 0
(103) 0 0 1 1 0 0 0 0 0 1
(104) 0 0 1 1 0 0 0 1 1 0
(105) 0 0 1 1 0 0 1 0 0 0
(106) 0 0 1 1 0 0 1 0 0 1
(107) 0 0 1 1 0 1 0 0 0 0
(108) 0 0 1 1 0 1 0 0 0 1
(109) 0 0 1 1 0 1 1 0 0 0
(110) 0 0 1 1 0 1 1 0 0 1
(111) 0 0 1 1 1 0 0 0 0 0
(112) 0 0 1 1 1 0 0 1 1 1
(113) 0 0 1 1 1 0 1 0 0 0
(114) 0 0 1 1 1 1 0 0 0 0
(115) 0 0 1 1 1 1 1 0 0 0
(116) 0 1 0 0 0 0 0 0 0 0
(117) 0 1 0 0 0 0 0 0 0 1
(118) 0 1 0 0 0 0 0 0 1 0
(119) 0 1 0 0 0 0 0 0 1 1
(120) 0 1 0 0 0 0 0 1 0 0
(121) 0 1 0 0 0 0 0 1 0 1
(122) 0 1 0 0 0 0 0 1 1 0
(123) 0 1 0 0 0 0 0 1 1 1
(124) 0 1 0 0 0 0 1 0 0 0
(125) 0 1 0 0 0 1 0 0 0 0
(126) 0 1 0 0 0 1 0 0 0 1
(127) 0 1 0 0 0 1 0 0 1 0
(128) 0 1 0 0 0 1 0 0 1 1
(129) 0 1 0 0 0 1 0 1 0 0
(130) 0 1 0 0 0 1 0 1 0 1
(131) 0 1 0 0 0 1 0 1 1 0
(132) 0 1 0 0 0 1 0 1 1 1
(133) 0 1 0 0 1 0 0 0 0 0
(134) 0 1 0 0 1 0 0 0 1 0
(135) 0 1 0 0 1 0 0 1 0 0
(136) 0 1 0 0 1 0 0 1 1 0
(137) 0 1 0 0 1 0 1 0 0 1
(138) 0 1 0 0 1 1 0 0 0 0
(139) 0 1 0 0 1 1 0 0 1 0
(140) 0 1 0 0 1 1 0 1 0 0
(141) 0 1 0 0 1 1 0 1 1 0
(142) 0 1 0 1 0 0 0 0 0 0
(143) 0 1 0 1 0 0 0 0 0 1
(144) 0 1 0 1 0 0 0 1 0 0
(145) 0 1 0 1 0 0 0 1 0 1
(146) 0 1 0 1 0 0 1 0 1 0
(147) 0 1 0 1 0 1 0 0 0 0
(148) 0 1 0 1 0 1 0 0 0 1
(149) 0 1 0 1 0 1 0 1 0 0
(150) 0 1 0 1 0 1 0 1 0 1
(151) 0 1 0 1 1 0 0 0 0 0
(152) 0 1 0 1 1 0 0 1 0 0
(153) 0 1 0 1 1 0 1 0 1 1
(154) 0 1 0 1 1 1 0 0 0 0
(155) 0 1 0 1 1 1 0 1 0 0
(156) 0 1 1 0 0 0 0 0 0 0
(157) 0 1 1 0 0 0 0 0 0 1
(158) 0 1 1 0 0 0 0 0 1 0
(159) 0 1 1 0 0 0 0 0 1 1
(160) 0 1 1 0 0 0 1 1 0 0
(161) 0 1 1 0 0 1 0 0 0 0
(162) 0 1 1 0 0 1 0 0 0 1
(163) 0 1 1 0 0 1 0 0 1 0
(164) 0 1 1 0 0 1 0 0 1 1
(165) 0 1 1 0 1 0 0 0 0 0
(166) 0 1 1 0 1 0 0 0 1 0
(167) 0 1 1 0 1 0 1 1 0 1
(168) 0 1 1 0 1 1 0 0 0 0
(169) 0 1 1 0 1 1 0 0 1 0
(170) 0 1 1 1 0 0 0 0 0 0
(171) 0 1 1 1 0 0 0 0 0 1
(172) 0 1 1 1 0 0 1 1 1 0
(173) 0 1 1 1 0 1 0 0 0 0
(174) 0 1 1 1 0 1 0 0 0 1
(175) 0 1 1 1 1 0 0 0 0 0
(176) 0 1 1 1 1 0 1 1 1 1
(177) 0 1 1 1 1 1 0 0 0 0
(178) 1 0 0 0 0 0 0 0 0 0
(179) 1 0 0 0 0 0 0 0 0 1
(180) 1 0 0 0 0 0 0 0 1 0
(181) 1 0 0 0 0 0 0 0 1 1
(182) 1 0 0 0 0 0 0 1 0 0
(183) 1 0 0 0 0 0 0 1 0 1
(184) 1 0 0 0 0 0 0 1 1 0
(185) 1 0 0 0 0 0 0 1 1 1
(186) 1 0 0 0 0 0 1 0 0 0
(187) 1 0 0 0 0 0 1 0 0 1
(188) 1 0 0 0 0 0 1 0 1 0
(189) 1 0 0 0 0 0 1 0 1 1
(190) 1 0 0 0 0 0 1 1 0 0
(191) 1 0 0 0 0 0 1 1 0 1
(192) 1 0 0 0 0 0 1 1 1 0
(193) 1 0 0 0 0 0 1 1 1 1
(194) 1 0 0 0 0 1 0 0 0 0
(195) 1 0 0 0 1 0 0 0 0 0
(196) 1 0 0 0 1 0 0 0 1 0
(197) 1 0 0 0 1 0 0 1 0 0
(198) 1 0 0 0 1 0 0 1 1 0
(199) 1 0 0 0 1 0 1 0 0 0
(200) 1 0 0 0 1 0 1 0 1 0
(201) 1 0 0 0 1 0 1 1 0 0
(202) 1 0 0 0 1 0 1 1 1 0
(203) 1 0 0 0 1 1 0 0 0 1
(204) 1 0 0 1 0 0 0 0 0 0
(205) 1 0 0 1 0 0 0 0 0 1
(206) 1 0 0 1 0 0 0 1 0 0
(207) 1 0 0 1 0 0 0 1 0 1
(208) 1 0 0 1 0 0 1 0 0 0
(209) 1 0 0 1 0 0 1 0 0 1
(210) 1 0 0 1 0 0 1 1 0 0
(211) 1 0 0 1 0 0 1 1 0 1
(212) 1 0 0 1 0 1 0 0 1 0
(213) 1 0 0 1 1 0 0 0 0 0
(214) 1 0 0 1 1 0 0 1 0 0
(215) 1 0 0 1 1 0 1 0 0 0
(216) 1 0 0 1 1 0 1 1 0 0
(217) 1 0 0 1 1 1 0 0 1 1
(218) 1 0 1 0 0 0 0 0 0 0
(219) 1 0 1 0 0 0 0 0 0 1
(220) 1 0 1 0 0 0 0 0 1 0
(221) 1 0 1 0 0 0 0 0 1 1
(222) 1 0 1 0 0 0 1 0 0 0
(223) 1 0 1 0 0 0 1 0 0 1
(224) 1 0 1 0 0 0 1 0 1 0
(225) 1 0 1 0 0 0 1 0 1 1
(226) 1 0 1 0 0 1 0 1 0 0
(227) 1 0 1 0 1 0 0 0 0 0
(228) 1 0 1 0 1 0 0 0 1 0
(229) 1 0 1 0 1 0 1 0 0 0
(230) 1 0 1 0 1 0 1 0 1 0
(231) 1 0 1 0 1 1 0 1 0 1
(232) 1 0 1 1 0 0 0 0 0 0
(233) 1 0 1 1 0 0 0 0 0 1
(234) 1 0 1 1 0 0 1 0 0 0
(235) 1 0 1 1 0 0 1 0 0 1
(236) 1 0 1 1 0 1 0 1 1 0
(237) 1 0 1 1 1 0 0 0 0 0
(238) 1 0 1 1 1 0 1 0 0 0
(239) 1 0 1 1 1 1 0 1 1 1
(240) 1 1 0 0 0 0 0 0 0 0
(241) 1 1 0 0 0 0 0 0 0 1
(242) 1 1 0 0 0 0 0 0 1 0
(243) 1 1 0 0 0 0 0 0 1 1
(244) 1 1 0 0 0 0 0 1 0 0
(245) 1 1 0 0 0 0 0 1 0 1
(246) 1 1 0 0 0 0 0 1 1 0
(247) 1 1 0 0 0 0 0 1 1 1
(248) 1 1 0 0 0 1 1 0 0 0
(249) 1 1 0 0 1 0 0 0 0 0
(250) 1 1 0 0 1 0 0 0 1 0
(251) 1 1 0 0 1 0 0 1 0 0
(252) 1 1 0 0 1 0 0 1 1 0
(253) 1 1 0 0 1 1 1 0 0 1
(254) 1 1 0 1 0 0 0 0 0 0
(255) 1 1 0 1 0 0 0 0 0 1
(256) 1 1 0 1 0 0 0 1 0 0
(257) 1 1 0 1 0 0 0 1 0 1
(258) 1 1 0 1 0 1 1 0 1 0
(259) 1 1 0 1 1 0 0 0 0 0
(260) 1 1 0 1 1 0 0 1 0 0
(261) 1 1 0 1 1 1 1 0 1 1
(262) 1 1 1 0 0 0 0 0 0 0
(263) 1 1 1 0 0 0 0 0 0 1
(264) 1 1 1 0 0 0 0 0 1 0
(265) 1 1 1 0 0 0 0 0 1 1
(266) 1 1 1 0 0 1 1 1 0 0
(267) 1 1 1 0 1 0 0 0 0 0
(268) 1 1 1 0 1 0 0 0 1 0
(269) 1 1 1 0 1 1 1 1 0 1
(270) 1 1 1 1 0 0 0 0 0 0
(271) 1 1 1 1 0 0 0 0 0 1
(272) 1 1 1 1 0 1 1 1 1 0
(273) 1 1 1 1 1 0 0 0 0 0
(274) 1 1 1 1 1 1 1 1 1 1
