Overlap label/order: [[1, 3], [1, 4], [1, 5], [2, 3], [2, 4], [2, 5], [3, 5], [4, 5]]
Cycles:  [[1, 4, 2, 3], [1, 5, 4, 2, 3], [1, 5, 2, 3], [1, 5, 3], [1, 4, 5, 3], [1, 5, 2, 4], [1, 5, 4], [2, 3, 5, 4], [2, 3, 5], [2, 4, 5]]
Dimension:  8
(1) 0 0 0 0 0 0 0 0
(2) 0 0 0 0 0 0 0 1
(3) 0 0 0 0 0 0 1 0
(4) 0 0 0 0 0 0 1 1
(5) 0 0 0 0 0 1 0 0
(6) 0 0 0 0 1 0 0 0
(7) 0 0 0 0 1 0 1 0
(8) 0 0 0 0 1 1 0 1
(9) 0 0 0 1 0 0 0 0
(10) 0 0 0 1 0 0 0 1
(11) 0 0 0 1 0 1 1 0
(12) 0 0 0 1 1 0 0 0
(13) 0 0 0 1 1 1 1 1
(14) 0 0 1 0 0 0 0 0
(15) 0 0 1 0 0 1 0 0
(16) 0 0 1 0 1 0 0 0
(17) 0 0 1 1 0 0 0 0
(18) 0 0 1 1 1 0 0 0
(19) 0 1 0 0 0 0 0 0
(20) 0 1 0 0 0 0 1 0
(21) 0 1 0 0 0 1 0 0
(22) 0 1 0 0 1 0 0 0
(23) 0 1 0 0 1 0 1 0
(24) 0 1 0 1 0 0 0 0
(25) 0 1 0 1 0 1 1 0
(26) 0 1 1 0 0 0 0 1
(27) 0 1 1 0 1 1 0 1
(28) 0 1 1 1 0 0 0 1
(29) 1 0 0 0 0 0 0 0
(30) 1 0 0 0 0 0 0 1
(31) 1 0 0 0 0 1 0 0
(32) 1 0 0 0 1 0 0 0
(33) 1 0 0 0 1 1 0 1
(34) 1 0 0 1 0 0 0 0
(35) 1 0 0 1 0 0 0 1
(36) 1 0 1 0 0 0 1 0
(37) 1 0 1 0 1 0 1 0
(38) 1 0 1 1 0 1 1 0
(39) 1 1 0 0 0 0 0 0
(40) 1 1 0 0 0 1 0 0
(41) 1 1 0 1 1 0 0 0
(42) 1 1 1 0 0 0 1 1
(43) 1 1 1 1 1 1 1 1
