Overlap label/order: [[1, 3], [1, 4], [1, 5], [2, 3], [2, 4], [3, 5]]
Cycles:  [[1, 4, 2, 3], [1, 5, 3], [1, 5, 3, 2, 4]]
Dimension:  6
(1) 0 0 0 0 0 0
(2) 0 0 0 0 0 1
(3) 0 0 0 0 1 0
(4) 0 0 0 0 1 1
(5) 0 0 0 1 0 0
(6) 0 0 0 1 0 1
(7) 0 0 0 1 1 0
(8) 0 0 0 1 1 1
(9) 0 0 1 0 0 0
(10) 0 0 1 0 1 0
(11) 0 0 1 1 0 0
(12) 0 0 1 1 1 0
(13) 0 1 0 0 0 0
(14) 0 1 0 0 0 1
(15) 0 1 0 0 1 0
(16) 0 1 0 0 1 1
(17) 0 1 0 1 0 0
(18) 0 1 0 1 0 1
(19) 0 1 1 0 0 0
(20) 0 1 1 0 1 0
(21) 0 1 1 1 0 0
(22) 1 0 0 0 0 0
(23) 1 0 0 0 1 0
(24) 1 0 0 1 0 0
(25) 1 0 1 0 0 1
(26) 1 0 1 0 1 1
(27) 1 0 1 1 0 1
(28) 1 1 0 0 0 0
(29) 1 1 0 1 1 0
(30) 1 1 1 0 0 1
(31) 1 1 1 1 1 1
